3.00000e+02	1.00000e+00	0.00000e+00	0.00000e+00	0.00000e+00	0.00000e+00	0.00000e+00	0.00000e+00	0.00000e+00	0.00000e+00	0.00000e+00	0.00000e+00	0.00000e+00	0.00000e+00	0.00000e+00
7.02041e+02	1.00000e+00	7.80000e-01	2.28030e-30	3.71827e-32	8.93003e-32	2.10000e-01	5.89072e-14	8.11678e-32	6.84314e-33	2.93137e-07	3.83377e-32	1.00000e-02	1.75713e-49	1.34444e-34
1.10408e+03	1.00000e+00	7.79956e-01	1.83984e-17	8.67666e-32	7.73068e-32	2.09956e-01	4.00689e-07	8.15104e-30	7.02867e-43	8.77344e-05	5.18487e-21	9.99944e-03	2.59389e-47	5.18487e-21
1.50612e+03	1.00000e+00	7.79133e-01	1.98155e-11	4.03362e-32	5.66893e-33	2.08991e-01	6.36802e-04	3.78381e-21	3.88019e-29	1.25051e-03	1.24157e-14	9.98888e-03	3.92505e-34	1.24157e-14
1.90816e+03	1.00000e+00	7.60566e-01	6.19944e-08	1.94116e-24	9.06405e-29	1.81297e-01	4.30211e-02	3.81856e-16	3.69201e-21	5.36554e-03	6.26529e-11	9.75084e-03	1.83767e-26	6.26532e-11
2.31020e+03	1.00000e+00	6.63431e-01	1.12328e-05	2.31905e-19	7.43148e-22	3.06960e-02	2.91734e-01	2.12877e-13	4.20639e-16	5.62264e-03	1.08236e-08	8.50559e-03	2.70146e-21	1.08239e-08
2.71224e+03	1.00000e+00	6.44465e-01	4.54245e-04	1.71748e-15	1.04316e-16	8.20266e-04	3.44162e-01	3.11133e-12	8.57857e-13	1.83230e-03	2.35252e-07	8.26529e-03	2.30513e-17	2.35256e-07
3.11429e+03	1.00000e+00	6.38650e-01	7.15176e-03	1.41546e-12	7.55261e-13	4.37255e-05	3.45207e-01	1.92786e-11	2.35867e-10	7.08936e-04	2.22849e-06	8.23367e-03	2.10565e-14	2.22874e-06
3.51633e+03	1.00000e+00	5.96542e-01	5.84000e-02	2.50512e-10	7.32950e-10	4.30094e-06	3.36686e-01	7.76788e-11	1.83389e-08	3.20535e-04	1.24575e-05	8.02233e-03	4.15669e-12	1.24769e-05
3.91837e+03	1.00000e+00	4.23188e-01	2.69217e-01	1.31745e-08	1.71249e-07	5.62296e-07	3.00221e-01	2.19886e-10	6.03329e-07	1.33892e-04	4.36365e-05	7.15124e-03	2.87226e-10	4.44248e-05
4.32041e+03	1.00000e+00	1.38192e-01	6.15746e-01	1.73652e-07	1.14928e-05	8.26512e-08	2.40092e-01	4.73015e-10	1.09337e-05	3.78706e-05	8.37449e-05	5.71885e-03	9.53318e-09	1.06355e-04
4.72245e+03	1.00000e+00	2.08360e-02	7.58150e-01	3.95974e-07	1.62763e-04	1.95950e-08	2.15235e-01	7.22237e-10	9.10086e-05	8.83609e-06	6.67010e-05	5.12798e-03	1.31233e-07	3.21000e-04
5.12449e+03	1.00000e+00	3.11650e-03	7.78273e-01	3.84715e-07	8.54054e-04	6.72707e-09	2.11036e-01	7.75683e-10	3.81008e-04	2.38730e-06	3.30963e-05	5.03352e-03	8.40926e-07	1.26938e-03
5.52653e+03	1.00000e+00	5.81227e-04	7.76506e-01	3.34752e-07	3.21186e-03	2.73590e-09	2.09004e-01	7.80634e-10	1.22070e-03	7.63125e-07	1.66409e-05	5.00176e-03	3.88727e-06	4.45342e-03
5.92857e+03	1.00000e+00	1.31226e-04	7.63373e-01	2.89095e-07	9.96075e-03	1.22885e-09	2.04956e-01	7.68377e-10	3.31297e-03	2.76116e-07	8.93195e-06	4.94439e-03	1.45623e-05	1.32975e-02
6.33061e+03	1.00000e+00	3.35575e-05	7.30565e-01	2.44374e-07	2.64161e-02	5.77853e-10	1.95975e-01	7.28653e-10	7.84244e-03	1.06945e-07	4.96664e-06	4.80676e-03	4.61195e-05	3.43099e-02
6.73265e+03	1.00000e+00	8.92306e-06	6.62715e-01	1.93687e-07	6.06754e-02	2.66466e-10	1.78367e-01	6.43685e-10	1.63945e-02	4.12499e-08	2.72120e-06	4.51065e-03	1.26581e-04	7.71993e-02
7.13469e+03	1.00000e+00	2.20333e-06	5.45233e-01	1.34261e-07	1.20341e-01	1.10356e-10	1.48879e-01	5.02557e-10	3.03144e-02	1.43656e-08	1.36941e-06	3.96141e-03	3.05119e-04	1.50962e-01
7.53673e+03	1.00000e+00	4.38954e-07	3.82931e-01	7.40845e-08	2.02851e-01	3.67879e-11	1.08457e-01	3.23528e-10	4.92530e-02	3.99394e-09	5.79097e-07	3.10857e-03	6.46451e-04	2.52751e-01
7.93878e+03	1.00000e+00	6.24604e-08	2.17684e-01	2.99676e-08	2.86246e-01	8.94803e-12	6.59343e-02	1.61136e-10	6.97393e-02	7.95366e-10	1.90200e-07	2.05116e-03	1.17917e-03	3.57165e-01
8.34082e+03	1.00000e+00	6.41849e-09	1.01341e-01	9.04009e-09	3.43878e-01	1.57789e-12	3.34565e-02	6.18256e-11	8.64101e-02	1.13864e-10	4.86112e-08	1.08190e-03	1.77207e-03	4.32060e-01
8.74286e+03	1.00000e+00	5.67440e-10	4.23808e-02	2.33977e-09	3.72309e-01	2.29007e-13	1.51401e-02	1.99709e-11	9.65073e-02	1.36419e-11	1.08012e-08	4.70710e-04	2.18756e-03	4.71004e-01
9.14490e+03	1.00000e+00	5.17907e-11	1.75126e-02	5.99477e-10	3.83990e-01	3.22078e-14	6.64535e-03	6.13171e-12	1.01452e-01	1.62723e-12	2.37450e-09	1.88813e-04	2.38492e-03	4.87827e-01
9.54694e+03	1.00000e+00	5.34444e-12	7.50800e-03	1.63395e-10	3.88593e-01	4.85331e-15	2.98055e-03	1.93722e-12	1.03662e-01	2.12791e-13	5.55761e-10	7.62865e-05	2.46282e-03	4.94718e-01
9.94898e+03	1.00000e+00	6.39599e-13	3.39181e-03	4.84304e-11	3.90457e-01	8.13880e-16	1.39445e-03	6.50677e-13	1.04642e-01	3.15058e-14	1.42060e-10	3.22184e-05	2.49245e-03	4.97591e-01
1.03510e+04	1.00000e+00	8.86311e-14	1.61716e-03	1.56319e-11	3.91250e-01	1.52928e-16	6.83778e-04	2.34252e-13	1.05088e-01	5.29770e-15	3.97869e-11	1.43591e-05	2.50402e-03	4.98842e-01
1.07531e+04	1.00000e+00	1.40778e-14	8.11256e-04	5.46523e-12	3.91607e-01	3.20395e-17	3.50967e-04	9.02572e-14	1.05300e-01	1.00445e-15	1.21529e-11	6.74954e-06	2.50875e-03	4.99416e-01
1.11551e+04	1.00000e+00	2.53256e-15	4.26374e-04	2.05529e-12	3.91776e-01	7.42139e-18	1.87954e-04	3.70432e-14	1.05405e-01	2.12620e-16	4.02079e-12	3.33399e-06	2.51078e-03	4.99691e-01
1.15571e+04	1.00000e+00	5.10076e-16	2.33765e-04	8.25642e-13	3.91859e-01	1.88355e-18	1.04637e-04	1.61061e-14	1.05459e-01	4.97445e-17	1.43080e-12	1.72324e-06	2.51169e-03	4.99830e-01
1.19592e+04	1.00000e+00	1.13810e-16	1.33166e-04	3.52035e-13	3.91903e-01	5.19371e-19	6.03463e-05	7.37918e-15	1.05488e-01	1.27437e-17	5.44035e-13	9.28153e-07	2.51212e-03	4.99903e-01
1.23612e+04	1.00000e+00	2.78681e-17	7.85372e-05	1.58405e-13	3.91926e-01	1.54398e-19	3.59375e-05	3.54513e-15	1.05504e-01	3.54487e-18	2.19726e-13	5.18982e-07	2.51233e-03	4.99943e-01
1.27633e+04	1.00000e+00	7.42663e-18	4.78018e-05	7.48395e-14	3.91939e-01	4.91469e-20	2.20360e-05	1.77804e-15	1.05513e-01	1.06270e-18	9.37665e-14	3.00247e-07	2.51244e-03	4.99965e-01
1.31653e+04	1.00000e+00	2.13805e-18	2.99417e-05	3.69590e-14	3.91947e-01	1.66494e-20	1.38769e-05	9.27314e-16	1.05518e-01	3.41071e-19	4.20806e-14	1.79186e-07	2.51249e-03	4.99978e-01
1.35673e+04	1.00000e+00	6.60591e-19	1.92525e-05	1.90022e-14	3.91952e-01	5.97050e-21	8.95461e-06	5.01149e-16	1.05522e-01	1.16503e-19	1.97772e-14	1.10021e-07	2.51252e-03	4.99986e-01
1.39694e+04	1.00000e+00	2.17766e-19	1.26799e-05	1.01355e-14	3.91954e-01	2.25557e-21	5.90905e-06	2.79776e-16	1.05524e-01	4.21321e-20	9.69774e-15	6.93386e-08	2.51254e-03	4.99991e-01
1.43714e+04	1.00000e+00	7.61938e-20	8.53692e-06	5.59087e-15	3.91956e-01	8.93903e-22	3.98040e-06	1.60899e-16	1.05525e-01	1.60561e-20	4.94470e-15	4.47609e-08	2.51255e-03	4.99994e-01
1.47735e+04	1.00000e+00	2.81631e-20	5.86519e-06	3.18045e-15	3.91957e-01	3.70227e-22	2.73261e-06	9.50883e-17	1.05526e-01	6.42095e-21	2.61373e-15	2.95419e-08	2.51255e-03	4.99996e-01
1.51755e+04	1.00000e+00	1.09506e-20	4.10556e-06	1.86116e-15	3.91958e-01	1.59704e-22	1.90919e-06	5.76201e-17	1.05526e-01	2.68451e-21	1.42838e-15	1.99010e-08	2.51256e-03	4.99997e-01
1.55776e+04	1.00000e+00	4.46204e-21	2.92386e-06	1.11786e-15	3.91959e-01	7.15349e-23	1.35575e-06	3.57305e-17	1.05527e-01	1.16943e-21	8.05028e-16	1.36635e-08	2.51256e-03	4.99998e-01
1.59796e+04	1.00000e+00	1.89876e-21	2.11583e-06	6.87749e-16	3.91959e-01	3.31806e-23	9.77384e-07	2.26338e-17	1.05527e-01	5.29180e-22	4.66856e-16	9.54823e-09	2.51256e-03	4.99998e-01
1.63816e+04	1.00000e+00	8.41172e-22	1.55398e-06	4.32631e-16	3.91959e-01	1.58981e-23	7.14580e-07	1.46232e-17	1.05527e-01	2.48064e-22	2.78010e-16	6.78317e-09	2.51256e-03	4.99999e-01
1.67837e+04	1.00000e+00	3.86846e-22	1.15717e-06	2.77805e-16	3.91959e-01	7.85112e-24	5.29327e-07	9.62216e-18	1.05527e-01	1.20163e-22	1.69678e-16	4.89351e-09	2.51256e-03	4.99999e-01
1.71857e+04	1.00000e+00	1.84204e-22	8.72826e-07	1.81826e-16	3.91959e-01	3.98810e-24	3.96925e-07	6.44010e-18	1.05527e-01	6.00136e-23	1.05955e-16	3.58145e-09	2.51256e-03	4.99999e-01
1.75878e+04	1.00000e+00	9.06008e-23	6.66285e-07	1.21139e-16	3.91960e-01	2.07993e-24	3.01068e-07	4.37923e-18	1.05527e-01	3.08392e-23	6.75865e-17	2.65680e-09	2.51256e-03	5.00000e-01
1.79898e+04	1.00000e+00	4.59297e-23	5.14345e-07	8.20524e-17	3.91960e-01	1.11187e-24	2.30823e-07	3.02225e-18	1.05527e-01	1.62749e-23	4.39744e-17	1.99602e-09	2.51256e-03	5.00000e-01
1.83918e+04	1.00000e+00	2.39506e-23	4.01236e-07	5.64416e-17	3.91960e-01	6.08293e-25	1.78759e-07	2.11484e-18	1.05528e-01	8.80547e-24	2.91445e-17	1.51757e-09	2.51256e-03	5.00000e-01
1.87939e+04	1.00000e+00	1.28234e-23	3.16090e-07	3.93884e-17	3.91960e-01	3.40110e-25	1.39755e-07	1.49919e-18	1.05528e-01	4.87670e-24	1.96513e-17	1.16684e-09	2.51256e-03	5.00000e-01
1.91959e+04	1.00000e+00	7.03752e-24	2.51320e-07	2.78610e-17	3.91960e-01	1.94095e-25	1.10240e-07	1.07579e-18	1.05528e-01	2.76066e-24	1.34649e-17	9.06727e-10	2.51256e-03	5.00000e-01
1.95980e+04	1.00000e+00	3.95274e-24	2.01561e-07	1.99580e-17	3.91960e-01	1.12924e-25	8.76923e-08	7.80845e-19	1.05528e-01	1.59530e-24	9.36576e-18	7.11679e-10	2.51256e-03	5.00000e-01
2.00000e+04	1.00000e+00	2.26893e-24	1.62978e-07	1.44674e-17	3.91960e-01	6.69044e-26	7.03118e-08	5.72902e-19	1.05528e-01	9.39910e-25	6.60678e-18	5.63887e-10	2.51256e-03	5.00000e-01
3.00000e+02	1.38950e+00	7.80000e-01	4.98983e-33	3.07100e-33	3.08442e-33	2.10000e-01	5.14996e-34	1.89648e-34	4.99902e-39	2.30066e-16	8.93953e-38	1.00000e-02	3.02975e-228	1.76318e-34
7.02041e+02	1.38950e+00	7.80000e-01	2.01478e-30	1.40701e-32	6.11560e-33	2.10000e-01	4.99735e-14	9.14885e-33	1.07610e-34	2.93137e-07	3.53087e-34	1.00000e-02	3.62983e-53	7.33669e-34
1.10408e+03	1.38950e+00	7.79956e-01	1.56082e-17	9.90959e-33	8.65374e-33	2.09956e-01	3.39921e-07	6.85476e-30	1.53677e-34	8.77344e-05	4.39854e-21	9.99944e-03	2.20051e-47	4.39854e-21
1.50612e+03	1.38950e+00	7.79170e-01	1.68107e-11	3.22122e-32	1.28880e-32	2.09049e-01	5.40302e-04	3.21060e-21	2.79268e-29	1.25071e-03	1.05337e-14	9.98936e-03	3.32968e-34	1.05337e-14
1.90816e+03	1.38950e+00	7.62935e-01	5.26743e-08	1.64232e-24	6.49635e-29	1.84989e-01	3.68664e-02	3.28625e-16	2.66844e-21	5.42834e-03	5.34612e-11	9.78122e-03	1.55476e-26	5.34616e-11
2.31020e+03	1.38950e+00	6.68470e-01	9.56542e-06	1.86713e-19	5.05672e-22	3.87048e-02	2.77907e-01	2.14482e-13	3.20185e-16	6.33761e-03	9.74848e-09	8.57020e-03	2.17502e-21	9.74869e-09
2.71224e+03	1.38950e+00	6.44668e-01	3.85416e-04	1.34382e-15	6.92312e-17	1.13464e-03	3.43388e-01	3.36635e-12	6.69497e-13	2.15534e-03	2.16453e-07	8.26745e-03	1.80352e-17	2.16457e-07
3.11429e+03	1.38950e+00	6.39528e-01	6.07131e-03	1.10706e-12	5.00776e-13	6.07756e-05	3.45262e-01	2.09289e-11	1.84252e-10	8.36377e-04	2.05344e-06	8.23799e-03	1.64547e-14	2.05365e-06
3.51633e+03	1.38950e+00	6.03577e-01	4.98345e-02	1.97076e-10	4.86303e-10	6.02716e-06	3.38120e-01	8.46384e-11	1.43197e-08	3.81677e-04	1.15336e-05	8.05761e-03	3.24615e-12	1.15487e-05
3.91837e+03	1.38950e+00	4.50741e-01	2.35706e-01	1.07095e-08	1.14429e-07	8.11746e-07	3.06013e-01	2.42266e-10	4.69347e-07	1.66027e-04	4.12967e-05	7.28967e-03	2.23456e-10	4.18916e-05
4.32041e+03	1.38950e+00	1.69213e-01	5.78027e-01	1.60433e-07	8.14025e-06	1.21185e-07	2.46632e-01	5.23285e-10	8.47429e-06	5.07431e-05	8.46636e-05	5.87474e-03	7.38893e-09	1.01447e-04
4.72245e+03	1.38950e+00	2.82697e-02	7.49169e-01	4.39350e-07	1.31528e-04	2.76292e-08	2.16818e-01	8.32802e-10	7.49728e-05	1.22215e-05	7.54459e-05	5.16554e-03	1.08106e-07	2.82495e-04
5.12449e+03	1.38950e+00	4.31723e-03	7.77092e-01	4.49927e-07	7.19930e-04	9.37796e-09	2.11383e-01	9.12916e-10	3.22190e-04	3.31755e-06	3.88288e-05	5.04062e-03	7.10942e-07	1.08211e-03
5.52653e+03	1.38950e+00	8.09143e-04	7.77241e-01	3.94816e-07	2.72370e-03	3.81505e-09	2.09375e-01	9.22231e-10	1.03603e-03	1.06325e-06	1.96431e-05	5.00686e-03	3.29670e-06	3.78307e-03
5.92857e+03	1.38950e+00	1.83771e-04	7.66366e-01	3.42710e-07	8.46490e-03	1.72294e-09	2.05882e-01	9.11963e-10	2.81712e-03	3.86907e-07	1.05948e-05	4.95687e-03	1.23582e-05	1.13053e-02
6.33061e+03	1.38950e+00	4.76324e-05	7.38391e-01	2.92673e-07	2.25275e-02	8.21196e-10	1.98192e-01	8.73708e-10	6.69196e-03	1.51891e-07	5.95182e-06	4.83912e-03	3.91755e-05	2.92649e-02
6.73265e+03	1.38950e+00	1.30451e-05	6.79774e-01	2.37183e-07	5.21315e-02	3.89606e-10	1.82969e-01	7.88328e-10	1.40867e-02	6.03090e-08	3.33249e-06	4.58412e-03	1.07754e-04	6.63295e-02
7.13469e+03	1.38950e+00	3.41472e-06	5.75826e-01	1.71806e-07	1.04940e-01	1.70317e-10	1.56904e-01	6.40414e-10	2.63794e-02	2.22173e-08	1.74871e-06	4.10299e-03	2.60937e-04	1.31582e-01
7.53673e+03	1.38950e+00	7.52646e-07	4.25380e-01	1.02320e-07	1.81508e-01	6.21928e-11	1.19632e-01	4.40563e-10	4.37604e-02	6.79994e-09	7.94172e-07	3.33216e-03	5.58163e-04	2.25827e-01
7.93878e+03	1.38950e+00	1.23304e-07	2.59469e-01	4.60338e-08	2.65491e-01	1.71899e-11	7.75275e-02	2.40875e-10	6.38078e-02	1.54891e-09	2.88219e-07	2.32506e-03	1.04007e-03	3.30339e-01
8.34082e+03	1.38950e+00	1.45521e-08	1.29450e-01	1.54097e-08	3.30257e-01	3.46695e-12	4.20714e-02	1.02133e-10	8.16958e-02	2.54138e-10	8.15731e-08	1.32058e-03	1.62626e-03	4.13579e-01
8.74286e+03	1.38950e+00	1.40845e-09	5.66438e-02	4.26691e-09	3.65599e-01	5.55424e-13	2.00027e-02	3.55870e-11	9.36780e-02	3.34714e-11	1.94711e-08	6.13138e-04	2.09354e-03	4.61370e-01
9.14490e+03	1.38950e+00	1.34344e-10	2.39279e-02	1.12938e-09	3.81046e-01	8.24508e-14	9.01999e-03	1.14004e-11	1.00011e-01	4.19322e-12	4.44401e-09	2.55166e-04	2.34082e-03	4.83398e-01
9.54694e+03	1.38950e+00	1.41283e-11	1.03559e-02	3.12122e-10	3.87310e-01	1.27424e-14	4.09708e-03	3.67530e-12	1.02967e-01	5.60602e-13	1.05801e-09	1.04781e-04	2.44436e-03	4.92721e-01
9.94898e+03	1.38950e+00	1.70440e-12	4.69715e-03	9.30536e-11	3.89877e-01	2.16125e-15	1.92774e-03	1.24584e-12	1.04304e-01	8.38098e-14	2.72475e-10	4.45464e-05	2.48477e-03	4.96665e-01
1.03510e+04	1.38950e+00	2.37010e-13	2.24344e-03	3.01110e-11	3.90975e-01	4.08203e-16	9.47722e-04	4.50409e-13	1.04919e-01	1.41538e-14	7.65699e-11	1.99078e-05	2.50072e-03	4.98394e-01
1.07531e+04	1.38950e+00	3.77057e-14	1.12633e-03	1.05395e-11	3.91470e-01	8.57304e-17	4.87037e-04	1.73889e-13	1.05212e-01	2.68900e-15	2.34250e-11	9.36867e-06	2.50727e-03	4.99189e-01
1.11551e+04	1.38950e+00	6.78835e-15	5.92194e-04	3.96574e-12	3.91704e-01	1.98818e-17	2.60980e-04	7.14374e-14	1.05357e-01	5.69760e-16	7.75613e-12	4.63018e-06	2.51009e-03	4.99571e-01
1.15571e+04	1.38950e+00	1.36774e-15	3.24741e-04	1.59354e-12	3.91820e-01	5.04911e-18	1.45337e-04	3.10761e-14	1.05432e-01	1.33367e-16	2.76110e-12	2.39379e-06	2.51136e-03	4.99764e-01
1.19592e+04	1.38950e+00	3.05237e-16	1.85009e-04	6.79545e-13	3.91881e-01	1.39269e-18	8.38322e-05	1.42417e-14	1.05472e-01	3.41752e-17	1.05007e-12	1.28948e-06	2.51195e-03	4.99865e-01
1.23612e+04	1.38950e+00	7.47500e-17	1.09119e-04	3.05798e-13	3.91913e-01	4.14094e-19	4.99284e-05	6.84306e-15	1.05495e-01	9.50779e-18	4.24154e-13	7.21065e-07	2.51224e-03	4.99920e-01
1.27633e+04	1.38950e+00	1.99215e-17	6.64172e-05	1.44483e-13	3.91932e-01	1.31825e-19	3.06164e-05	3.43239e-15	1.05507e-01	2.85054e-18	1.81016e-13	4.17173e-07	2.51239e-03	4.99951e-01
1.31653e+04	1.38950e+00	5.73541e-18	4.16026e-05	7.13536e-14	3.91942e-01	4.46607e-20	1.92809e-05	1.79021e-15	1.05515e-01	9.14916e-19	8.12398e-14	2.48971e-07	2.51247e-03	4.99969e-01
1.35673e+04	1.38950e+00	1.77210e-18	2.67507e-05	3.66865e-14	3.91948e-01	1.60160e-20	1.24420e-05	9.67514e-16	1.05519e-01	3.12527e-19	3.81823e-14	1.52871e-07	2.51251e-03	4.99980e-01
1.39694e+04	1.38950e+00	5.84186e-19	1.76184e-05	1.95682e-14	3.91952e-01	6.05074e-21	8.21042e-06	5.40142e-16	1.05522e-01	1.13024e-19	1.87229e-14	9.63446e-08	2.51253e-03	4.99987e-01
1.43714e+04	1.38950e+00	2.04401e-19	1.18619e-05	1.07942e-14	3.91955e-01	2.39800e-21	5.53067e-06	3.10640e-16	1.05524e-01	4.30726e-20	9.54655e-15	6.21946e-08	2.51254e-03	4.99991e-01
1.47735e+04	1.38950e+00	7.55521e-20	8.14961e-06	6.14044e-15	3.91956e-01	9.93186e-22	3.79692e-06	1.83584e-16	1.05525e-01	1.72252e-20	5.04625e-15	4.10482e-08	2.51255e-03	4.99994e-01
1.51755e+04	1.38950e+00	2.93768e-20	5.70463e-06	3.59331e-15	3.91957e-01	4.28432e-22	2.65279e-06	1.11246e-16	1.05526e-01	7.20166e-21	2.75774e-15	2.76523e-08	2.51256e-03	4.99996e-01
1.55776e+04	1.38950e+00	1.19702e-20	4.06268e-06	2.15825e-15	3.91958e-01	1.91905e-22	1.88380e-06	6.89843e-17	1.05526e-01	3.13720e-21	1.55426e-15	1.89854e-08	2.51256e-03	4.99997e-01
1.59796e+04	1.38950e+00	5.09378e-21	2.93993e-06	1.32783e-15	3.91959e-01	8.90129e-23	1.35807e-06	4.36988e-17	1.05527e-01	1.41962e-21	9.01353e-16	1.32672e-08	2.51256e-03	4.99998e-01
1.63816e+04	1.38950e+00	2.25660e-21	2.15925e-06	8.35277e-16	3.91959e-01	4.26495e-23	9.92903e-07	2.82328e-17	1.05527e-01	6.65477e-22	5.36752e-16	9.42517e-09	2.51256e-03	4.99998e-01
1.67837e+04	1.38950e+00	1.03779e-21	1.60789e-06	5.36357e-16	3.91959e-01	2.10621e-23	7.35496e-07	1.85774e-17	1.05527e-01	3.22361e-22	3.27596e-16	6.79951e-09	2.51256e-03	4.99999e-01
1.71857e+04	1.38950e+00	4.94161e-22	1.21279e-06	3.51051e-16	3.91959e-01	1.06988e-23	5.51525e-07	1.24339e-17	1.05527e-01	1.60998e-22	2.04567e-16	4.97641e-09	2.51256e-03	4.99999e-01
1.75878e+04	1.38950e+00	2.43054e-22	9.25799e-07	2.33882e-16	3.91959e-01	5.57981e-24	4.18332e-07	8.45495e-18	1.05527e-01	8.27320e-23	1.30489e-16	3.69161e-09	2.51256e-03	4.99999e-01
1.79898e+04	1.38950e+00	1.23215e-22	7.14680e-07	1.58418e-16	3.91959e-01	2.98280e-24	3.20728e-07	5.83505e-18	1.05527e-01	4.36605e-23	8.49013e-17	2.77345e-09	2.51256e-03	4.99999e-01
1.83918e+04	1.38950e+00	6.42520e-23	5.57515e-07	1.08972e-16	3.91960e-01	1.63186e-24	2.48385e-07	4.08311e-18	1.05527e-01	2.36224e-23	5.62692e-17	2.10866e-09	2.51256e-03	5.00000e-01
1.87939e+04	1.38950e+00	3.44011e-23	4.39206e-07	7.60470e-17	3.91960e-01	9.12411e-25	1.94189e-07	2.89449e-18	1.05528e-01	1.30827e-23	3.79406e-17	1.62132e-09	2.51256e-03	5.00000e-01
1.91959e+04	1.38950e+00	1.88795e-23	3.49208e-07	5.37911e-17	3.91960e-01	5.20698e-25	1.53178e-07	2.07702e-18	1.05528e-01	7.40602e-24	2.59967e-17	1.25989e-09	2.51256e-03	5.00000e-01
1.95980e+04	1.38950e+00	1.06040e-23	2.80068e-07	3.85328e-17	3.91960e-01	3.02939e-25	1.21848e-07	1.50758e-18	1.05528e-01	4.27971e-24	1.80824e-17	9.88874e-10	2.51256e-03	5.00000e-01
2.00000e+04	1.38950e+00	6.08684e-24	2.26457e-07	2.79322e-17	3.91960e-01	1.79484e-25	9.76979e-08	1.10610e-18	1.05528e-01	2.52149e-24	1.27557e-17	7.83519e-10	2.51256e-03	5.00000e-01
3.00000e+02	1.93070e+00	7.80000e-01	1.27684e-32	1.38798e-32	1.42558e-32	2.10000e-01	7.59417e-34	3.26171e-34	6.08861e-225	2.30066e-16	7.65065e-34	1.00000e-02	2.62030e-229	1.46723e-33
7.02041e+02	1.93070e+00	7.80000e-01	1.71096e-30	3.05327e-32	2.51273e-32	2.10000e-01	4.23947e-14	7.96167e-34	1.15247e-308	2.93137e-07	4.57714e-33	1.00000e-02	1.15247e-308	3.21664e-35
1.10408e+03	1.93070e+00	7.79956e-01	1.32411e-17	2.62288e-32	8.66340e-32	2.09956e-01	2.88370e-07	5.84746e-30	3.64048e-43	8.77344e-05	3.73147e-21	9.99944e-03	1.86678e-47	3.73147e-21
1.50612e+03	1.93070e+00	7.79202e-01	1.42615e-11	5.48961e-32	1.20198e-33	2.09099e-01	4.58415e-04	2.72415e-21	2.00995e-29	1.25088e-03	8.93678e-15	9.98977e-03	2.82463e-34	8.93679e-15
1.90816e+03	1.93070e+00	7.64984e-01	4.47459e-08	1.39010e-24	4.68239e-29	1.88182e-01	3.15441e-02	2.82199e-16	1.92738e-21	5.48233e-03	4.55785e-11	9.80749e-03	1.31599e-26	4.55788e-11
2.31020e+03	1.93070e+00	6.74245e-01	8.14973e-06	1.51181e-19	3.45854e-22	4.78598e-02	2.62165e-01	2.12903e-13	2.42472e-16	7.07777e-03	8.73964e-09	8.64422e-03	1.76110e-21	8.73985e-09
2.71224e+03	1.93070e+00	6.44930e-01	3.27031e-04	1.05190e-15	4.59640e-17	1.56725e-03	3.42372e-01	3.63829e-12	5.22297e-13	2.53363e-03	1.99090e-07	8.27042e-03	1.41167e-17	1.99094e-07
3.11429e+03	1.93070e+00	6.40272e-01	5.15355e-03	8.65788e-13	3.32050e-13	8.44458e-05	3.45258e-01	2.27159e-11	1.43927e-10	9.86459e-04	1.89189e-06	8.24165e-03	1.28593e-14	1.89205e-06
3.51633e+03	1.93070e+00	6.09608e-01	4.24874e-02	1.54881e-10	3.22613e-10	8.43490e-06	3.39333e-01	9.21678e-11	1.11824e-08	4.53773e-04	1.06697e-05	8.08784e-03	2.53536e-12	1.06815e-05
3.91837e+03	1.93070e+00	4.75650e-01	2.05410e-01	8.65114e-09	7.63365e-08	1.16679e-06	3.11241e-01	2.66569e-10	3.65423e-07	2.04477e-04	3.89337e-05	7.41480e-03	1.73991e-10	3.93845e-05
4.32041e+03	1.93070e+00	2.02939e-01	5.37015e-01	1.44793e-07	5.69112e-06	1.78231e-07	2.53740e-01	5.79157e-10	6.56092e-06	6.73926e-05	8.46162e-05	6.04422e-03	5.72078e-09	9.70193e-05
4.72245e+03	1.93070e+00	3.80485e-02	7.37326e-01	4.78874e-07	1.04831e-04	3.91285e-08	2.18892e-01	9.55127e-10	6.12961e-05	1.68731e-05	8.43531e-05	5.21484e-03	8.83831e-08	2.51049e-04
5.12449e+03	1.93070e+00	5.97140e-03	7.75317e-01	5.24489e-07	6.05369e-04	1.30833e-08	2.11809e-01	1.07340e-09	2.72088e-04	4.60847e-06	4.54586e-05	5.04982e-03	6.00274e-07	9.24041e-04
5.52653e+03	1.93070e+00	1.12568e-03	7.77717e-01	4.65277e-07	2.30863e-03	5.31827e-09	2.09716e-01	1.08902e-09	8.79037e-04	1.48069e-06	2.31722e-05	5.01180e-03	2.79535e-06	3.21410e-03
5.92857e+03	1.93070e+00	2.57027e-04	7.68880e-01	4.05859e-07	7.19102e-03	2.41253e-09	2.06677e-01	1.08125e-09	2.39455e-03	5.41450e-07	1.25542e-05	4.96763e-03	1.04868e-05	9.60902e-03
6.33061e+03	1.93070e+00	6.73910e-05	7.45088e-01	3.49663e-07	1.91956e-02	1.16306e-09	2.00095e-01	1.04493e-09	5.70518e-03	2.15010e-07	7.11450e-06	4.86685e-03	3.32708e-05	2.49415e-02
6.73265e+03	1.93070e+00	1.89254e-05	6.94601e-01	2.88777e-07	4.47046e-02	5.65290e-10	1.86970e-01	9.59918e-10	1.20805e-02	8.74992e-08	4.05763e-06	4.64770e-03	9.16847e-05	5.68811e-02
7.13469e+03	1.93070e+00	5.20709e-06	6.03229e-01	2.17189e-07	9.11360e-02	2.58787e-10	1.64077e-01	8.06687e-10	2.28686e-02	3.38185e-08	2.20668e-06	4.22821e-03	2.22921e-04	1.14230e-01
7.53673e+03	1.93070e+00	1.25330e-06	4.65672e-01	1.38236e-07	1.61211e-01	1.02281e-10	1.30151e-01	5.87838e-10	3.86257e-02	1.12529e-08	1.06628e-06	3.53771e-03	4.80790e-04	2.00319e-01
7.93878e+03	1.93070e+00	2.33746e-07	3.03068e-01	6.85896e-08	2.43736e-01	3.17541e-11	8.93903e-02	3.49730e-10	5.78260e-02	2.89850e-09	4.23920e-07	2.59335e-03	9.11807e-04	3.02474e-01
8.34082e+03	1.93070e+00	3.17745e-08	1.62275e-01	2.55390e-08	3.14235e-01	7.31912e-12	5.18578e-02	1.63657e-10	7.64332e-02	5.45634e-10	1.32933e-07	1.57881e-03	1.47574e-03	3.92144e-01
8.74286e+03	1.93070e+00	3.41452e-09	7.48200e-02	7.64685e-09	3.56986e-01	1.30939e-12	2.60544e-02	6.20177e-11	9.02011e-02	8.00182e-11	3.44102e-08	7.85447e-04	1.98254e-03	4.49170e-01
9.14490e+03	1.93070e+00	3.44409e-10	3.25015e-02	2.10945e-09	3.77093e-01	2.07777e-13	1.21473e-02	2.09311e-11	9.81281e-02	1.06580e-11	8.22954e-09	3.41712e-04	2.28389e-03	4.77505e-01
9.54694e+03	1.93070e+00	3.71452e-11	1.42452e-02	5.93862e-10	3.85553e-01	3.31941e-14	5.60984e-03	6.92866e-12	1.02028e-01	1.46712e-12	2.00376e-09	1.43316e-04	2.41949e-03	4.90001e-01
9.94898e+03	1.93070e+00	4.53029e-12	6.49656e-03	1.78462e-10	3.89076e-01	5.71715e-15	2.65985e-03	2.37791e-12	1.03841e-01	2.22234e-13	5.21315e-10	6.14766e-05	2.47425e-03	4.95391e-01
1.03510e+04	1.93070e+00	6.33009e-13	3.11034e-03	5.79499e-11	3.90594e-01	1.08750e-15	1.31229e-03	8.64656e-13	1.04685e-01	3.77546e-14	1.47177e-10	2.75771e-05	2.49617e-03	4.97775e-01
1.07531e+04	1.93070e+00	1.00927e-13	1.56328e-03	2.03160e-11	3.91279e-01	2.29166e-16	6.75524e-04	3.34736e-13	1.05090e-01	7.19281e-15	4.51237e-11	1.29989e-05	2.50522e-03	4.98874e-01
1.11551e+04	1.93070e+00	1.81897e-14	8.22368e-04	7.65021e-12	3.91604e-01	5.32342e-17	3.62282e-04	1.37705e-13	1.05291e-01	1.52613e-15	1.49566e-11	6.42900e-06	2.50913e-03	4.99404e-01
1.15571e+04	1.93070e+00	3.66688e-15	4.51080e-04	3.07522e-12	3.91766e-01	1.35307e-17	2.01837e-04	5.99453e-14	1.05395e-01	3.57476e-16	5.32725e-12	3.32493e-06	2.51089e-03	4.99672e-01
1.19592e+04	1.93070e+00	8.18556e-16	2.57022e-04	1.31165e-12	3.91850e-01	3.73386e-18	1.16448e-04	2.74823e-14	1.05451e-01	9.16365e-17	2.02659e-12	1.79137e-06	2.51171e-03	4.99812e-01
1.23612e+04	1.93070e+00	2.00488e-16	1.51603e-04	5.90311e-13	3.91895e-01	1.11048e-18	6.93625e-05	1.32078e-14	1.05482e-01	2.54991e-17	8.18725e-13	1.00180e-06	2.51212e-03	4.99889e-01
1.27633e+04	1.93070e+00	5.34363e-17	9.22803e-05	2.78926e-13	3.91921e-01	3.53566e-19	4.25365e-05	6.62566e-15	1.05499e-01	7.64576e-18	3.49439e-13	5.79622e-07	2.51232e-03	4.99932e-01
1.31653e+04	1.93070e+00	1.53851e-17	5.78042e-05	1.37754e-13	3.91935e-01	1.19794e-19	2.67888e-05	3.45594e-15	1.05510e-01	2.45417e-18	1.56836e-13	3.45930e-07	2.51243e-03	4.99958e-01
1.35673e+04	1.93070e+00	4.75374e-18	3.71691e-05	7.08278e-14	3.91944e-01	4.29620e-20	1.72873e-05	1.86783e-15	1.05516e-01	8.38353e-19	7.37142e-14	2.12408e-07	2.51249e-03	4.99973e-01
1.39694e+04	1.93070e+00	1.56714e-18	2.44802e-05	3.77794e-14	3.91949e-01	1.62313e-20	1.14080e-05	1.04280e-15	1.05520e-01	3.03194e-19	3.61469e-14	1.33868e-07	2.51252e-03	4.99982e-01
1.43714e+04	1.93070e+00	5.48334e-19	1.64819e-05	2.08399e-14	3.91953e-01	6.43284e-21	7.68468e-06	5.99731e-16	1.05523e-01	1.15547e-19	1.84310e-14	8.64183e-08	2.51254e-03	4.99988e-01
1.47735e+04	1.93070e+00	2.02680e-19	1.13238e-05	1.18552e-14	3.91955e-01	2.66434e-21	5.27572e-06	3.54436e-16	1.05524e-01	4.62089e-20	9.74262e-15	5.70359e-08	2.51255e-03	4.99992e-01
1.51755e+04	1.93070e+00	7.88082e-20	7.92652e-06	6.93755e-15	3.91956e-01	1.14933e-21	3.68601e-06	2.14778e-16	1.05525e-01	1.93196e-20	5.32430e-15	3.84225e-08	2.51255e-03	4.99994e-01
1.55776e+04	1.93070e+00	3.21122e-20	5.64505e-06	4.16690e-15	3.91957e-01	5.14814e-22	2.61751e-06	1.33186e-16	1.05526e-01	8.41605e-21	3.00077e-15	2.63800e-08	2.51256e-03	4.99996e-01
1.59796e+04	1.93070e+00	1.36650e-20	4.08501e-06	2.56363e-15	3.91958e-01	2.38792e-22	1.88702e-06	8.43685e-17	1.05526e-01	3.80838e-21	1.74023e-15	1.84347e-08	2.51256e-03	4.99997e-01
1.63816e+04	1.93070e+00	6.05375e-21	3.00026e-06	1.61266e-15	3.91959e-01	1.14415e-22	1.37963e-06	5.45087e-17	1.05527e-01	1.78526e-21	1.03630e-15	1.30962e-08	2.51256e-03	4.99998e-01
1.67837e+04	1.93070e+00	2.78406e-21	2.23415e-06	1.03554e-15	3.91959e-01	5.65029e-23	1.02197e-06	3.58672e-17	1.05527e-01	8.64793e-22	6.32487e-16	9.44788e-09	2.51256e-03	4.99998e-01
1.71857e+04	1.93070e+00	1.32568e-21	1.68516e-06	6.77773e-16	3.91959e-01	2.87016e-23	7.66340e-07	2.40059e-17	1.05527e-01	4.31907e-22	3.94957e-16	6.91470e-09	2.51256e-03	4.99999e-01
1.75878e+04	1.93070e+00	6.52039e-22	1.28639e-06	4.51555e-16	3.91959e-01	1.49689e-23	5.81270e-07	1.63239e-17	1.05527e-01	2.21944e-22	2.51934e-16	5.12947e-09	2.51256e-03	4.99999e-01
1.79898e+04	1.93070e+00	3.30549e-22	9.93043e-07	3.05857e-16	3.91959e-01	8.00191e-24	4.45649e-07	1.12657e-17	1.05527e-01	1.17128e-22	1.63918e-16	3.85370e-09	2.51256e-03	4.99999e-01
1.83918e+04	1.93070e+00	1.72368e-22	7.74665e-07	2.10391e-16	3.91959e-01	4.37778e-24	3.45129e-07	7.88324e-18	1.05527e-01	6.33716e-23	1.08639e-16	2.92997e-09	2.51256e-03	4.99999e-01
1.87939e+04	1.93070e+00	9.22877e-23	6.10274e-07	1.46824e-16	3.91960e-01	2.44772e-24	2.69825e-07	5.58837e-18	1.05527e-01	3.50968e-23	7.32518e-17	2.25282e-09	2.51256e-03	5.00000e-01
1.91959e+04	1.93070e+00	5.06480e-23	4.85222e-07	1.03854e-16	3.91960e-01	1.39687e-24	2.12840e-07	4.01009e-18	1.05527e-01	1.98681e-23	5.01917e-17	1.75062e-09	2.51256e-03	5.00000e-01
1.95980e+04	1.93070e+00	2.84473e-23	3.89153e-07	7.43952e-17	3.91960e-01	8.12693e-25	1.69307e-07	2.91067e-18	1.05528e-01	1.14811e-23	3.49117e-17	1.37404e-09	2.51256e-03	5.00000e-01
2.00000e+04	1.93070e+00	1.63291e-23	3.14661e-07	5.39286e-17	3.91960e-01	4.81501e-25	1.35751e-07	2.13554e-18	1.05528e-01	6.76439e-24	2.46274e-17	1.08870e-09	2.51256e-03	5.00000e-01
3.00000e+02	2.68270e+00	7.80000e-01	9.18923e-33	4.59567e-34	8.18652e-34	2.10000e-01	7.54642e-34	6.80769e-34	3.01473e-222	2.30066e-16	3.23021e-34	1.00000e-02	2.06930e-226	1.33711e-36
7.02041e+02	2.68270e+00	7.80000e-01	1.44271e-30	1.28428e-32	6.77973e-33	2.10000e-01	3.59652e-14	1.07998e-33	4.10622e-33	2.93137e-07	8.82125e-34	1.00000e-02	1.86594e-74	5.24886e-36
1.10408e+03	2.68270e+00	7.79956e-01	1.12330e-17	8.32940e-33	1.42030e-32	2.09956e-01	2.44637e-07	4.93087e-30	2.62000e-43	8.77344e-05	3.16557e-21	9.99944e-03	1.58367e-47	3.16557e-21
1.50612e+03	2.68270e+00	7.79229e-01	1.20989e-11	1.44880e-31	4.58314e-33	2.09141e-01	3.88932e-04	2.31134e-21	1.44095e-29	1.25103e-03	7.58190e-15	9.99012e-03	2.39620e-34	7.58191e-15
1.90816e+03	2.68270e+00	7.66751e-01	3.80036e-08	1.17704e-24	3.32581e-29	1.90935e-01	2.69553e-02	2.41884e-16	1.39135e-21	5.52867e-03	3.88292e-11	9.83014e-03	1.11429e-26	3.88295e-11
2.31020e+03	2.68270e+00	6.80644e-01	6.94649e-06	1.23113e-19	2.37805e-22	5.79870e-02	2.44808e-01	2.08088e-13	1.82649e-16	7.82758e-03	7.79704e-09	8.72625e-03	1.43414e-21	7.79725e-09
2.71224e+03	2.68270e+00	6.45276e-01	2.77509e-04	8.23861e-16	3.05319e-17	2.16071e-03	3.41035e-01	3.92649e-12	4.07255e-13	2.97571e-03	1.83039e-07	8.27455e-03	1.10560e-17	1.83043e-07
3.11429e+03	2.68270e+00	6.40904e-01	4.37413e-03	6.77068e-13	2.20182e-13	1.17293e-04	3.45194e-01	2.46501e-11	1.12423e-10	1.16316e-03	1.74281e-06	8.24475e-03	1.00502e-14	1.74294e-06
3.51633e+03	2.68270e+00	6.14769e-01	3.61962e-02	1.21615e-10	2.14000e-10	1.17906e-05	3.40350e-01	1.00315e-10	8.73301e-09	5.38763e-04	9.86374e-06	8.11369e-03	1.98041e-12	9.87291e-06
3.91837e+03	2.68270e+00	4.97941e-01	1.78295e-01	6.95167e-09	5.08597e-08	1.67027e-06	3.15911e-01	2.92906e-10	2.84701e-07	2.50315e-04	3.65841e-05	7.52678e-03	1.35569e-10	3.69270e-05
4.32041e+03	2.68270e+00	2.38453e-01	4.93829e-01	1.27939e-07	3.93555e-06	2.62471e-07	2.61221e-01	6.41374e-10	5.07928e-06	8.86500e-05	8.37025e-05	6.22268e-03	4.42904e-09	9.28503e-05
4.72245e+03	2.68270e+00	5.06918e-02	7.21990e-01	5.11045e-07	8.22242e-05	5.57051e-08	2.21565e-01	1.08918e-09	4.96983e-05	2.32379e-05	9.30548e-05	5.27850e-03	7.16598e-08	2.25561e-04
5.12449e+03	2.68270e+00	8.24250e-03	7.72755e-01	6.08743e-07	5.07339e-04	1.82724e-08	2.12352e-01	1.26054e-09	2.29370e-04	6.39864e-06	5.30716e-05	5.06199e-03	5.05952e-07	7.90896e-04
5.52653e+03	2.68270e+00	1.56491e-03	7.77913e-01	5.47776e-07	1.95559e-03	7.41259e-09	2.10040e-01	1.28544e-09	7.45579e-04	2.06111e-06	2.73162e-05	5.01686e-03	2.36968e-06	2.73141e-03
5.92857e+03	2.68270e+00	3.59083e-04	7.70971e-01	4.80204e-07	6.10667e-03	3.37443e-09	2.07361e-01	1.28082e-09	2.03467e-03	7.56885e-07	1.48626e-05	4.97698e-03	8.89807e-06	8.16559e-03
6.33061e+03	2.68270e+00	9.50818e-05	7.50804e-01	4.16877e-07	1.63449e-02	1.64251e-09	2.01725e-01	1.24697e-09	4.86023e-03	3.03501e-07	8.48610e-06	4.89060e-03	2.82514e-05	2.12423e-02
6.73265e+03	2.68270e+00	2.72776e-05	7.07436e-01	3.49874e-07	3.82730e-02	8.14854e-10	1.90436e-01	1.16314e-09	1.03431e-02	1.26121e-07	4.91638e-06	4.70256e-03	7.79797e-05	4.86993e-02
7.13469e+03	2.68270e+00	7.83080e-06	6.27566e-01	2.71708e-07	7.88715e-02	3.87996e-10	1.70436e-01	1.00610e-09	1.97608e-02	5.07811e-08	2.75638e-06	4.33828e-03	1.90268e-04	9.88257e-02
7.53673e+03	2.68270e+00	2.03386e-06	5.03251e-01	1.83166e-07	1.42252e-01	1.64187e-10	1.39891e-01	7.70481e-10	3.38984e-02	1.81622e-08	1.40519e-06	3.72457e-03	4.13302e-04	1.76565e-01
7.93878e+03	2.68270e+00	4.26407e-07	3.47257e-01	9.92828e-08	2.21599e-01	5.65562e-11	1.01205e-01	4.94254e-10	5.19483e-02	5.22460e-09	6.06318e-07	2.85111e-03	7.95412e-04	2.74343e-01
8.34082e+03	2.68270e+00	6.66407e-08	1.99366e-01	4.10681e-08	2.96003e-01	1.48253e-11	6.26121e-02	2.54168e-10	7.07566e-02	1.12462e-09	2.10077e-07	1.84977e-03	1.32568e-03	3.68086e-01
8.74286e+03	2.68270e+00	8.04590e-09	9.74342e-02	1.34181e-08	3.46187e-01	2.98632e-12	3.33800e-02	1.05329e-10	8.60563e-02	1.85501e-10	5.94030e-08	9.87533e-04	1.85619e-03	4.34099e-01
9.14490e+03	2.68270e+00	8.69546e-10	4.38111e-02	3.89603e-09	3.71846e-01	5.13247e-13	1.61963e-02	3.78230e-11	9.57115e-02	2.66165e-11	1.50343e-08	4.52422e-04	2.21205e-03	4.69770e-01
9.54694e+03	2.68270e+00	9.69434e-11	1.95230e-02	1.12388e-09	3.83160e-01	8.55732e-14	7.64117e-03	1.29522e-11	1.00774e-01	3.80550e-12	3.76886e-09	1.94935e-04	2.38637e-03	4.86320e-01
9.94898e+03	2.68270e+00	1.19995e-11	8.96959e-03	3.41398e-10	3.87974e-01	1.50446e-14	3.66040e-03	4.51934e-12	1.03209e-01	5.86717e-13	9.94025e-10	8.46259e-05	2.45988e-03	4.93643e-01
1.03510e+04	2.68270e+00	1.68777e-12	4.30855e-03	1.11390e-10	3.90066e-01	2.88956e-15	1.81469e-03	1.65629e-12	1.04363e-01	1.00490e-13	2.82412e-10	3.81561e-05	2.48989e-03	4.96919e-01
1.07531e+04	2.68270e+00	2.69920e-13	2.16881e-03	3.91370e-11	3.91015e-01	6.11739e-16	9.36311e-04	6.43637e-13	1.04921e-01	1.92185e-14	8.68457e-11	1.80257e-05	2.50238e-03	4.98438e-01
1.11551e+04	2.68270e+00	4.87178e-14	1.14174e-03	1.47530e-11	3.91466e-01	1.42431e-16	5.02718e-04	2.65281e-13	1.05199e-01	4.08534e-15	2.88279e-11	8.92418e-06	2.50779e-03	4.99173e-01
1.15571e+04	2.68270e+00	9.82831e-15	6.26493e-04	5.93351e-12	3.91691e-01	3.62448e-17	2.80243e-04	1.15594e-13	1.05344e-01	9.57858e-16	1.02757e-11	4.61759e-06	2.51024e-03	4.99544e-01
1.19592e+04	2.68270e+00	2.19482e-15	3.57040e-04	2.53148e-12	3.91807e-01	1.00082e-17	1.61735e-04	5.30223e-14	1.05421e-01	2.45665e-16	3.91062e-12	2.48841e-06	2.51138e-03	4.99739e-01
1.23612e+04	2.68270e+00	5.37687e-16	2.10620e-04	1.13947e-12	3.91870e-01	2.97755e-18	9.63542e-05	2.54895e-14	1.05464e-01	6.83784e-17	1.58021e-12	1.39179e-06	2.51195e-03	4.99846e-01
1.27633e+04	2.68270e+00	1.43327e-16	1.28211e-04	5.38452e-13	3.91905e-01	9.48213e-19	5.90950e-05	1.27888e-14	1.05488e-01	2.05062e-17	6.74528e-13	8.05310e-07	2.51223e-03	4.99906e-01
1.31653e+04	2.68270e+00	4.12687e-17	8.03141e-05	2.65940e-13	3.91926e-01	3.21308e-19	3.72193e-05	6.67128e-15	1.05503e-01	6.58275e-18	3.02765e-13	4.80643e-07	2.51238e-03	4.99941e-01
1.35673e+04	2.68270e+00	1.27519e-17	5.16443e-05	1.36740e-13	3.91938e-01	1.15239e-19	2.40191e-05	3.60584e-15	1.05512e-01	2.24882e-18	1.42308e-13	2.95131e-07	2.51246e-03	4.99962e-01
1.39694e+04	2.68270e+00	4.20395e-18	3.40144e-05	7.29381e-14	3.91945e-01	4.35400e-20	1.58507e-05	2.01319e-15	1.05517e-01	8.13323e-19	6.97851e-14	1.86006e-07	2.51250e-03	4.99975e-01
1.43714e+04	2.68270e+00	1.47096e-18	2.29011e-05	4.02346e-14	3.91950e-01	1.72564e-20	1.06775e-05	1.15785e-15	1.05521e-01	3.09963e-19	3.55835e-14	1.20076e-07	2.51253e-03	4.99983e-01
1.47735e+04	2.68270e+00	5.43716e-19	1.57341e-05	2.28884e-14	3.91953e-01	7.14734e-21	7.33045e-06	6.84287e-16	1.05523e-01	1.23961e-19	1.88096e-14	7.92504e-08	2.51254e-03	4.99988e-01
1.51755e+04	2.68270e+00	2.11415e-19	1.10138e-05	1.33942e-14	3.91955e-01	3.08322e-21	5.12162e-06	4.14662e-16	1.05524e-01	5.18274e-20	1.02794e-14	5.33876e-08	2.51255e-03	4.99992e-01
1.55776e+04	2.68270e+00	8.61464e-20	7.84373e-06	8.04496e-15	3.91956e-01	1.38106e-21	3.63698e-06	2.57138e-16	1.05525e-01	2.25774e-20	5.79352e-15	3.66548e-08	2.51256e-03	4.99994e-01
1.59796e+04	2.68270e+00	3.66587e-20	5.67608e-06	4.94956e-15	3.91957e-01	6.40598e-22	2.62198e-06	1.62888e-16	1.05526e-01	1.02166e-20	3.35983e-15	2.56148e-08	2.51256e-03	4.99996e-01
1.63816e+04	2.68270e+00	1.62403e-20	4.16884e-06	3.11355e-15	3.91958e-01	3.06937e-22	1.91698e-06	1.05239e-16	1.05526e-01	4.78928e-21	2.00077e-15	1.81971e-08	2.51256e-03	4.99997e-01
1.67837e+04	2.68270e+00	7.46874e-21	3.10433e-06	1.99931e-15	3.91958e-01	1.51579e-22	1.42001e-06	6.92483e-17	1.05527e-01	2.31996e-21	1.22114e-15	1.31278e-08	2.51256e-03	4.99998e-01
1.71857e+04	2.68270e+00	3.55639e-21	2.34152e-06	1.30857e-15	3.91959e-01	7.69971e-23	1.06482e-06	4.63480e-17	1.05527e-01	1.15867e-21	7.62539e-16	9.60793e-09	2.51256e-03	4.99998e-01
1.75878e+04	2.68270e+00	1.74922e-21	1.78743e-06	8.71815e-16	3.91959e-01	4.01568e-23	8.07670e-07	3.15164e-17	1.05527e-01	5.95407e-22	4.86408e-16	7.12738e-09	2.51256e-03	4.99999e-01
1.79898e+04	2.68270e+00	8.86760e-22	1.37983e-06	5.90517e-16	3.91959e-01	2.14666e-23	6.19226e-07	2.17506e-17	1.05527e-01	3.14217e-22	3.16476e-16	5.35470e-09	2.51256e-03	4.99999e-01
1.83918e+04	2.68270e+00	4.62411e-22	1.07639e-06	4.06201e-16	3.91959e-01	1.17442e-23	4.79555e-07	1.52201e-17	1.05527e-01	1.70006e-22	2.09748e-16	4.07117e-09	2.51256e-03	4.99999e-01
1.87939e+04	2.68270e+00	2.47579e-22	8.47973e-07	2.83472e-16	3.91959e-01	6.56647e-24	3.74920e-07	1.07894e-17	1.05527e-01	9.41539e-23	1.41427e-16	3.13028e-09	2.51256e-03	4.99999e-01
1.91959e+04	2.68270e+00	1.35873e-22	6.74214e-07	2.00511e-16	3.91960e-01	3.74738e-24	2.95740e-07	7.74226e-18	1.05527e-01	5.32999e-23	9.69050e-17	2.43247e-09	2.51256e-03	5.00000e-01
1.95980e+04	2.68270e+00	7.63154e-23	5.40726e-07	1.43635e-16	3.91960e-01	2.18021e-24	2.35251e-07	5.61962e-18	1.05527e-01	3.08004e-23	6.74039e-17	1.90922e-09	2.51256e-03	5.00000e-01
2.00000e+04	2.68270e+00	4.38061e-23	4.37219e-07	1.04120e-16	3.91960e-01	1.29172e-24	1.88625e-07	4.12308e-18	1.05528e-01	1.81468e-23	4.75480e-17	1.51274e-09	2.51256e-03	5.00000e-01
3.00000e+02	3.72759e+00	7.80000e-01	6.61336e-33	1.09875e-32	8.98898e-33	2.10000e-01	8.83211e-34	9.58305e-34	3.90188e-203	2.30066e-16	1.04024e-33	1.00000e-02	1.07791e-207	1.84736e-55
7.02041e+02	3.72759e+00	7.80000e-01	1.22347e-30	8.79507e-33	2.71274e-32	2.10000e-01	3.05109e-14	9.06595e-32	3.63876e-32	2.93137e-07	3.59413e-32	1.00000e-02	7.93885e-49	1.70875e-36
1.10408e+03	3.72759e+00	7.79956e-01	9.52943e-18	1.97382e-32	9.91346e-33	2.09956e-01	2.07536e-07	4.18901e-30	4.47672e-33	8.77344e-05	2.68549e-21	9.99944e-03	1.34350e-47	2.68549e-21
1.50612e+03	3.72759e+00	7.79252e-01	1.02642e-11	3.22522e-32	7.32287e-33	2.09176e-01	3.29976e-04	1.96104e-21	1.04113e-29	1.25116e-03	6.43238e-15	9.99041e-03	2.03276e-34	6.43238e-15
1.90816e+03	3.72759e+00	7.68270e-01	3.22721e-08	9.96939e-25	2.39933e-29	1.93303e-01	2.30087e-02	2.07004e-16	1.00393e-21	5.56835e-03	3.30585e-11	9.84962e-03	9.43789e-27	3.30587e-11
2.31020e+03	3.72759e+00	6.87507e-01	5.92264e-06	1.00816e-19	1.64376e-22	6.88319e-02	2.26270e-01	2.00250e-13	1.36863e-16	8.57108e-03	6.92157e-09	8.81423e-03	1.17439e-21	6.92177e-09
2.71224e+03	3.72759e+00	6.45744e-01	2.35508e-04	6.45756e-16	2.02947e-17	2.97144e-03	3.39278e-01	4.22935e-12	3.17338e-13	3.49086e-03	1.68184e-07	8.28028e-03	8.66559e-18	1.68189e-07
3.11429e+03	3.72759e+00	6.41441e-01	3.71232e-03	5.29477e-13	1.46011e-13	1.62854e-04	3.45062e-01	2.67420e-11	8.78091e-11	1.37115e-03	1.60526e-06	8.24740e-03	7.85534e-15	1.60537e-06
3.51633e+03	3.72759e+00	6.19179e-01	3.08167e-02	9.54261e-11	1.41942e-10	1.64644e-05	3.41195e-01	1.09131e-10	6.82047e-09	6.38932e-04	9.11323e-06	8.13574e-03	1.54706e-12	9.12040e-06
3.91837e+03	3.72759e+00	5.17723e-01	1.54230e-01	5.56143e-09	3.38519e-08	2.38196e-06	3.20045e-01	3.21406e-10	2.21928e-07	3.04804e-04	3.42771e-05	7.62613e-03	1.05690e-10	3.45389e-05
4.32041e+03	3.72759e+00	2.74748e-01	4.49690e-01	1.10945e-07	2.69722e-06	3.86354e-07	2.68863e-01	7.10540e-10	3.93459e-06	1.15451e-04	8.20407e-05	6.40505e-03	3.43107e-09	8.87876e-05
4.72245e+03	3.72759e+00	6.66958e-02	7.02559e-01	5.32370e-07	6.33498e-05	7.97806e-08	2.24944e-01	1.23508e-09	3.99492e-05	3.18991e-05	1.01138e-04	5.35902e-03	5.76028e-08	2.05028e-04
5.12449e+03	3.72759e+00	1.13463e-02	7.69150e-01	7.02413e-07	4.23282e-04	2.55586e-08	2.13058e-01	1.47795e-09	1.92904e-04	8.87884e-06	6.17297e-05	5.07821e-03	4.25464e-07	6.79046e-04
5.52653e+03	3.72759e+00	2.17376e-03	7.77792e-01	6.44117e-07	1.65520e-03	1.03315e-08	2.10364e-01	1.51666e-09	6.32123e-04	2.86788e-06	3.21749e-05	5.02233e-03	2.00818e-06	2.32215e-03
5.92857e+03	3.72759e+00	5.01163e-04	7.72683e-01	5.67681e-07	5.18397e-03	4.71561e-09	2.07954e-01	1.51607e-09	1.72834e-03	1.05704e-06	1.75813e-05	4.98521e-03	7.54932e-06	6.93801e-03
6.33061e+03	3.72759e+00	1.33834e-04	7.55670e-01	4.96121e-07	1.39091e-02	2.31397e-09	2.03121e-01	1.48531e-09	4.13775e-03	4.27384e-07	1.01036e-05	4.91094e-03	2.39858e-05	1.80815e-02
6.73265e+03	3.72759e+00	3.90980e-05	7.18509e-01	4.22132e-07	3.27210e-02	1.16809e-09	1.93428e-01	1.40352e-09	8.84319e-03	1.80785e-07	5.93208e-06	4.74979e-03	6.62994e-05	4.16368e-02
7.13469e+03	3.72759e+00	1.16376e-05	6.49023e-01	3.36892e-07	6.80535e-02	5.75118e-10	1.76035e-01	1.24423e-09	1.70283e-02	7.53697e-08	3.41321e-06	4.43454e-03	1.62265e-04	8.52478e-02
7.53673e+03	3.72759e+00	3.22713e-06	5.37780e-01	2.38621e-07	1.24809e-01	2.58077e-10	1.48788e-01	9.94352e-10	2.96022e-02	2.86828e-08	1.82203e-06	3.89275e-03	3.54663e-04	1.54768e-01
7.93878e+03	3.72759e+00	7.50733e-07	3.90889e-01	1.39918e-07	1.99667e-01	9.74381e-11	1.12693e-01	6.81608e-10	4.63024e-02	9.09931e-09	8.45263e-07	3.09457e-03	6.91059e-04	2.46661e-01
8.34082e+03	3.72759e+00	1.34090e-07	2.39912e-01	6.40152e-08	2.75943e-01	2.88162e-11	7.40535e-02	3.82715e-10	6.48303e-02	2.22407e-09	3.21844e-07	2.12627e-03	1.18049e-03	3.41954e-01
8.74286e+03	3.72759e+00	1.83419e-08	1.24801e-01	2.29720e-08	3.33007e-01	6.56278e-12	4.19791e-02	1.73835e-10	8.12768e-02	4.15199e-10	9.98517e-08	1.21690e-03	1.71776e-03	4.16002e-01
