3.00000e+02	1.00000e+00	8.73563e-13	5.35755e-12	5.35755e-12
4.98990e+02	1.00000e+00	8.73563e-13	5.35755e-12	5.35755e-12
6.97980e+02	1.00000e+00	8.73563e-13	5.35755e-12	5.35755e-12
8.96970e+02	1.00000e+00	8.73563e-13	5.35755e-12	5.35755e-12
1.09596e+03	1.00000e+00	8.73563e-13	5.35755e-12	5.35755e-12
1.29495e+03	1.00000e+00	8.73563e-13	5.35755e-12	5.35755e-12
1.49394e+03	1.00000e+00	8.73563e-13	5.35755e-12	5.35755e-12
1.69293e+03	1.00000e+00	8.73563e-13	5.35755e-12	5.35755e-12
1.89192e+03	1.00000e+00	1.73396e-10	1.30800e-15	1.30800e-15
2.09091e+03	1.00000e+00	3.16309e-09	1.02187e-17	1.02187e-17
2.28990e+03	1.00000e+00	3.49299e-08	3.57903e-19	3.57903e-19
2.48889e+03	1.00000e+00	2.63294e-07	2.53754e-17	2.53754e-17
2.68788e+03	9.99999e-01	1.47427e-06	6.65563e-16	6.65563e-16
2.88687e+03	9.99993e-01	6.51975e-06	1.34364e-14	1.34364e-14
3.08586e+03	9.99976e-01	2.38332e-05	1.82444e-13	1.82444e-13
3.28485e+03	9.99925e-01	7.45461e-05	1.83090e-12	1.83090e-12
3.48384e+03	9.99795e-01	2.04894e-04	1.41550e-11	1.41550e-11
3.68283e+03	9.99495e-01	5.05319e-04	8.82081e-11	8.82081e-11
3.88182e+03	9.98863e-01	1.13691e-03	4.57392e-10	4.57392e-10
4.08081e+03	9.97635e-01	2.36473e-03	2.02681e-09	2.02681e-09
4.27980e+03	9.95404e-01	4.59608e-03	7.84297e-09	7.84297e-09
4.47879e+03	9.91580e-01	8.42013e-03	2.69774e-08	2.69774e-08
4.67778e+03	9.85357e-01	1.46433e-02	8.37013e-08	8.37013e-08
4.87677e+03	9.75688e-01	2.43118e-02	2.37117e-07	2.37117e-07
5.07576e+03	9.61288e-01	3.87110e-02	6.19580e-07	6.19580e-07
5.27475e+03	9.40671e-01	5.93260e-02	1.50596e-06	1.50596e-06
5.47374e+03	9.12246e-01	8.77475e-02	3.42918e-06	3.42918e-06
5.67273e+03	8.74478e-01	1.25507e-01	7.35861e-06	7.35861e-06
5.87172e+03	8.26136e-01	1.73834e-01	1.49545e-05	1.49545e-05
6.07071e+03	7.66607e-01	2.33335e-01	2.89004e-05	2.89004e-05
6.26970e+03	6.96251e-01	3.03643e-01	5.32937e-05	5.32937e-05
6.46869e+03	6.16701e-01	3.83111e-01	9.40467e-05	9.40467e-05
6.66768e+03	5.30997e-01	4.68684e-01	1.59222e-04	1.59222e-04
6.86667e+03	4.43387e-01	5.56094e-01	2.59226e-04	2.59226e-04
7.06566e+03	3.58721e-01	6.40466e-01	4.06826e-04	4.06826e-04
7.26465e+03	2.81517e-01	7.17248e-01	6.17065e-04	6.17065e-04
7.46364e+03	2.15029e-01	7.83156e-01	9.07231e-04	9.07231e-04
7.66263e+03	1.60701e-01	8.36705e-01	1.29704e-03	1.29704e-03
7.86162e+03	1.18249e-01	8.78133e-01	1.80905e-03	1.80905e-03
8.06061e+03	8.62088e-02	9.08853e-01	2.46915e-03	2.46915e-03
8.25960e+03	6.26118e-02	9.30774e-01	3.30699e-03	3.30699e-03
8.45859e+03	4.54945e-02	9.45793e-01	4.35620e-03	4.35620e-03
8.65758e+03	3.31720e-02	9.55519e-01	5.65444e-03	5.65444e-03
8.85657e+03	2.43189e-02	9.61194e-01	7.24332e-03	7.24332e-03
9.05556e+03	1.79459e-02	9.63718e-01	9.16815e-03	9.16815e-03
9.25455e+03	1.33372e-02	9.63708e-01	1.14776e-02	1.14776e-02
9.45354e+03	9.98370e-03	9.61570e-01	1.42232e-02	1.42232e-02
9.65253e+03	7.52599e-03	9.57556e-01	1.74588e-02	1.74588e-02
9.85152e+03	5.71113e-03	9.51809e-01	2.12398e-02	2.12398e-02
1.00505e+04	4.36066e-03	9.44395e-01	2.56222e-02	2.56222e-02
1.02495e+04	3.34814e-03	9.35329e-01	3.06616e-02	3.06616e-02
1.04485e+04	2.58347e-03	9.24593e-01	3.64120e-02	3.64120e-02
1.06475e+04	2.00201e-03	9.12150e-01	4.29241e-02	4.29241e-02
1.08465e+04	1.55702e-03	8.97954e-01	5.02443e-02	5.02443e-02
1.10455e+04	1.21449e-03	8.81960e-01	5.84127e-02	5.84127e-02
1.12444e+04	9.49433e-04	8.64128e-01	6.74615e-02	6.74615e-02
1.14434e+04	7.43369e-04	8.44431e-01	7.74129e-02	7.74129e-02
1.16424e+04	5.82529e-04	8.22862e-01	8.82778e-02	8.82778e-02
1.18414e+04	4.56575e-04	7.99436e-01	1.00054e-01	1.00054e-01
1.20404e+04	3.57686e-04	7.74195e-01	1.12724e-01	1.12724e-01
1.22394e+04	2.79904e-04	7.47211e-01	1.26254e-01	1.26254e-01
1.24384e+04	2.18656e-04	7.18590e-01	1.40596e-01	1.40596e-01
1.26374e+04	1.70415e-04	6.88470e-01	1.55680e-01	1.55680e-01
1.28364e+04	1.32435e-04	6.57024e-01	1.71422e-01	1.71422e-01
1.30354e+04	1.02571e-04	6.24457e-01	1.87720e-01	1.87720e-01
1.32343e+04	7.91367e-05	5.91004e-01	2.04458e-01	2.04458e-01
1.34333e+04	6.07971e-05	5.56927e-01	2.21506e-01	2.21506e-01
1.36323e+04	4.64941e-05	5.22506e-01	2.38724e-01	2.38724e-01
1.38313e+04	3.53844e-05	4.88035e-01	2.55965e-01	2.55965e-01
1.40303e+04	2.67949e-05	4.53810e-01	2.73082e-01	2.73082e-01
1.42293e+04	2.01878e-05	4.20125e-01	2.89927e-01	2.89927e-01
1.44283e+04	1.51333e-05	3.87259e-01	3.06363e-01	3.06363e-01
1.46273e+04	1.12886e-05	3.55467e-01	3.22261e-01	3.22261e-01
1.48263e+04	8.38136e-06	3.24977e-01	3.37507e-01	3.37507e-01
1.50253e+04	6.19574e-06	2.95977e-01	3.52008e-01	3.52008e-01
1.52242e+04	4.56203e-06	2.68617e-01	3.65689e-01	3.65689e-01
1.54232e+04	3.34752e-06	2.43002e-01	3.78498e-01	3.78498e-01
1.56222e+04	2.44923e-06	2.19195e-01	3.90402e-01	3.90402e-01
1.58212e+04	1.78787e-06	1.97219e-01	4.01390e-01	4.01390e-01
1.60202e+04	1.30290e-06	1.77061e-01	4.11469e-01	4.11469e-01
1.62192e+04	9.48498e-07	1.58676e-01	4.20661e-01	4.20661e-01
1.64182e+04	6.90210e-07	1.41995e-01	4.29002e-01	4.29002e-01
1.66172e+04	5.02355e-07	1.26928e-01	4.36536e-01	4.36536e-01
1.68162e+04	3.65909e-07	1.13373e-01	4.43313e-01	4.43313e-01
1.70152e+04	2.66871e-07	1.01220e-01	4.49390e-01	4.49390e-01
1.72141e+04	1.94988e-07	9.03533e-02	4.54823e-01	4.54823e-01
1.74131e+04	1.42784e-07	8.06602e-02	4.59670e-01	4.59670e-01
1.76121e+04	1.04829e-07	7.20294e-02	4.63985e-01	4.63985e-01
1.78111e+04	7.71899e-08	6.43552e-02	4.67822e-01	4.67822e-01
1.80101e+04	5.70214e-08	5.75383e-02	4.71231e-01	4.71231e-01
1.82091e+04	4.22684e-08	5.14867e-02	4.74257e-01	4.74257e-01
1.84081e+04	3.14468e-08	4.61162e-02	4.76942e-01	4.76942e-01
1.86071e+04	2.34848e-08	4.13503e-02	4.79325e-01	4.79325e-01
1.88061e+04	1.76075e-08	3.71201e-02	4.81440e-01	4.81440e-01
1.90051e+04	1.32540e-08	3.33638e-02	4.83318e-01	4.83318e-01
1.92040e+04	1.00175e-08	3.00264e-02	4.84987e-01	4.84987e-01
1.94030e+04	7.60240e-09	2.70589e-02	4.86471e-01	4.86471e-01
1.96020e+04	5.79335e-09	2.44182e-02	4.87791e-01	4.87791e-01
1.98010e+04	4.43297e-09	2.20658e-02	4.88967e-01	4.88967e-01
2.00000e+04	3.40596e-09	1.99681e-02	4.90016e-01	4.90016e-01
