3.00000e+02	1.00000e+00	6.88972e-12	9.62554e-12	9.62554e-12
4.98990e+02	1.00000e+00	6.88972e-12	9.62554e-12	9.62554e-12
6.97980e+02	1.00000e+00	6.88972e-12	9.62554e-12	9.62554e-12
8.96970e+02	1.00000e+00	6.88972e-12	9.62554e-12	9.62554e-12
1.09596e+03	1.00000e+00	6.88972e-12	9.62554e-12	9.62554e-12
1.29495e+03	1.00000e+00	6.88972e-12	9.62554e-12	9.62554e-12
1.49394e+03	1.00000e+00	6.88972e-12	9.62554e-12	9.62554e-12
1.69293e+03	1.00000e+00	6.88972e-12	9.62554e-12	9.62554e-12
1.89192e+03	1.00000e+00	1.73409e-10	7.51995e-14	7.51995e-14
2.09091e+03	1.00000e+00	3.16309e-09	5.87501e-16	5.87501e-16
2.28990e+03	1.00000e+00	3.49299e-08	1.35929e-16	1.35929e-16
2.48889e+03	1.00000e+00	2.63294e-07	3.55538e-15	3.55538e-15
2.68788e+03	9.99999e-01	1.47427e-06	5.78439e-14	5.78439e-14
2.88687e+03	9.99993e-01	6.51975e-06	6.45518e-13	6.45518e-13
3.08586e+03	9.99976e-01	2.38332e-05	5.31348e-12	5.31348e-12
3.28485e+03	9.99925e-01	7.45461e-05	3.40864e-11	3.40864e-11
3.48384e+03	9.99795e-01	2.04894e-04	1.77813e-10	1.77813e-10
3.68283e+03	9.99495e-01	5.05319e-04	7.79802e-10	7.79802e-10
3.88182e+03	9.98863e-01	1.13691e-03	2.95205e-09	2.95205e-09
4.08081e+03	9.97635e-01	2.36473e-03	9.85369e-09	9.85369e-09
4.27980e+03	9.95404e-01	4.59608e-03	2.95033e-08	2.95033e-08
4.47879e+03	9.91580e-01	8.42013e-03	8.03569e-08	8.03569e-08
4.67778e+03	9.85356e-01	1.46433e-02	2.01388e-07	2.01388e-07
4.87677e+03	9.75687e-01	2.43118e-02	4.68791e-07	4.68791e-07
5.07576e+03	9.61287e-01	3.87110e-02	1.02139e-06	1.02139e-06
5.27475e+03	9.40670e-01	5.93260e-02	2.09593e-06	2.09593e-06
5.47374e+03	9.12244e-01	8.77475e-02	4.07105e-06	4.07105e-06
5.67273e+03	8.74477e-01	1.25507e-01	7.51449e-06	7.51449e-06
5.87172e+03	8.26139e-01	1.73835e-01	1.32215e-05	1.32215e-05
6.07071e+03	7.66619e-01	2.33337e-01	2.22250e-05	2.22250e-05
6.26970e+03	6.96280e-01	3.03649e-01	3.57528e-05	3.57528e-05
6.46869e+03	6.16761e-01	3.83129e-01	5.51096e-05	5.51096e-05
6.66768e+03	5.31105e-01	4.68732e-01	8.14799e-05	8.14799e-05
6.86667e+03	4.43564e-01	5.56205e-01	1.15690e-04	1.15690e-04
7.06566e+03	3.58984e-01	6.40700e-01	1.58011e-04	1.58011e-04
7.26465e+03	2.81877e-01	7.17707e-01	2.08112e-04	2.08112e-04
7.46364e+03	2.15485e-01	7.83985e-01	2.65218e-04	2.65218e-04
7.66263e+03	1.61239e-01	8.38104e-01	3.28409e-04	3.28409e-04
7.86162e+03	1.18848e-01	8.80358e-01	3.96919e-04	3.96919e-04
8.06061e+03	8.68472e-02	9.12212e-01	4.70299e-04	4.70299e-04
8.25960e+03	6.32675e-02	9.35636e-01	5.48422e-04	5.48422e-04
8.45859e+03	4.61504e-02	9.52587e-01	6.31403e-04	6.31403e-04
8.65758e+03	3.38157e-02	9.64745e-01	7.19493e-04	7.19493e-04
8.85657e+03	2.49420e-02	9.73432e-01	8.12999e-04	8.12999e-04
9.05556e+03	1.85435e-02	9.79632e-01	9.12232e-04	9.12232e-04
9.25455e+03	1.39065e-02	9.84059e-01	1.01748e-03	1.01748e-03
9.45354e+03	1.05234e-02	9.87219e-01	1.12900e-03	1.12900e-03
9.65253e+03	8.03600e-03	9.89470e-01	1.24701e-03	1.24701e-03
9.85152e+03	6.19193e-03	9.91065e-01	1.37169e-03	1.37169e-03
1.00505e+04	4.81311e-03	9.92180e-01	1.50322e-03	1.50322e-03
1.02495e+04	3.77332e-03	9.92943e-01	1.64170e-03	1.64170e-03
1.04485e+04	2.98255e-03	9.93443e-01	1.78726e-03	1.78726e-03
1.06475e+04	2.37619e-03	9.93744e-01	1.93997e-03	1.93997e-03
1.08465e+04	1.90751e-03	9.93893e-01	2.09989e-03	2.09989e-03
1.10455e+04	1.54242e-03	9.93923e-01	2.26708e-03	2.26708e-03
1.12444e+04	1.25591e-03	9.93861e-01	2.44157e-03	2.44157e-03
1.14434e+04	1.02945e-03	9.93724e-01	2.62336e-03	2.62336e-03
1.16424e+04	8.49223e-04	9.93526e-01	2.81246e-03	2.81246e-03
1.18414e+04	7.04833e-04	9.93277e-01	3.00886e-03	3.00886e-03
1.20404e+04	5.88421e-04	9.92987e-01	3.21253e-03	3.21253e-03
1.22394e+04	4.93994e-04	9.92659e-01	3.42343e-03	3.42343e-03
1.24384e+04	4.16952e-04	9.92300e-01	3.64151e-03	3.64151e-03
1.26374e+04	3.53740e-04	9.91913e-01	3.86672e-03	3.86672e-03
1.28364e+04	3.01597e-04	9.91500e-01	4.09897e-03	4.09897e-03
1.30354e+04	2.58361e-04	9.91065e-01	4.33819e-03	4.33819e-03
1.32343e+04	2.22332e-04	9.90609e-01	4.58428e-03	4.58428e-03
1.34333e+04	1.92165e-04	9.90134e-01	4.83715e-03	4.83715e-03
1.36323e+04	1.66790e-04	9.89640e-01	5.09668e-03	5.09668e-03
1.38313e+04	1.45350e-04	9.89129e-01	5.36274e-03	5.36274e-03
1.40303e+04	1.27159e-04	9.88602e-01	5.63523e-03	5.63523e-03
1.42293e+04	1.11660e-04	9.88060e-01	5.91400e-03	5.91400e-03
1.44283e+04	9.84031e-05	9.87504e-01	6.19890e-03	6.19890e-03
1.46273e+04	8.70198e-05	9.86933e-01	6.48980e-03	6.48980e-03
1.48263e+04	7.72095e-05	9.86350e-01	6.78654e-03	6.78654e-03
1.50253e+04	6.87246e-05	9.85753e-01	7.08896e-03	7.08896e-03
1.52242e+04	6.13609e-05	9.85145e-01	7.39689e-03	7.39689e-03
1.54232e+04	5.49488e-05	9.84525e-01	7.71017e-03	7.71017e-03
1.56222e+04	4.93476e-05	9.83893e-01	8.02863e-03	8.02863e-03
1.58212e+04	4.44393e-05	9.83251e-01	8.35208e-03	8.35208e-03
1.60202e+04	4.01254e-05	9.82599e-01	8.68036e-03	8.68036e-03
1.62192e+04	3.63228e-05	9.81937e-01	9.01327e-03	9.01327e-03
1.64182e+04	3.29615e-05	9.81266e-01	9.35064e-03	9.35064e-03
1.66172e+04	2.99822e-05	9.80585e-01	9.69228e-03	9.69228e-03
1.68162e+04	2.73345e-05	9.79897e-01	1.00380e-02	1.00380e-02
1.70152e+04	2.49755e-05	9.79200e-01	1.03876e-02	1.03876e-02
1.72141e+04	2.28684e-05	9.78495e-01	1.07410e-02	1.07410e-02
1.74131e+04	2.09819e-05	9.77783e-01	1.10978e-02	1.10978e-02
1.76121e+04	1.92889e-05	9.77065e-01	1.14580e-02	1.14580e-02
1.78111e+04	1.77662e-05	9.76339e-01	1.18214e-02	1.18214e-02
1.80101e+04	1.63936e-05	9.75608e-01	1.21877e-02	1.21877e-02
1.82091e+04	1.51537e-05	9.74871e-01	1.25569e-02	1.25569e-02
1.84081e+04	1.40314e-05	9.74129e-01	1.29286e-02	1.29286e-02
1.86071e+04	1.30135e-05	9.73381e-01	1.33028e-02	1.33028e-02
1.88061e+04	1.20886e-05	9.72630e-01	1.36792e-02	1.36792e-02
1.90051e+04	1.12464e-05	9.71873e-01	1.40577e-02	1.40577e-02
1.92040e+04	1.04783e-05	9.71113e-01	1.44381e-02	1.44381e-02
1.94030e+04	9.77656e-06	9.70350e-01	1.48202e-02	1.48202e-02
1.96020e+04	9.13427e-06	9.69583e-01	1.52038e-02	1.52038e-02
1.98010e+04	8.54547e-06	9.68814e-01	1.55889e-02	1.55889e-02
2.00000e+04	8.00483e-06	9.68042e-01	1.59752e-02	1.59752e-02
