3.00000e+02	1.00000e+00	2.82674e-12	1.05675e-12	9.37914e-13	1.99466e-12
4.98990e+02	1.00000e+00	2.82674e-12	1.05675e-12	9.37914e-13	1.99466e-12
6.97980e+02	1.00000e+00	2.82674e-12	1.05675e-12	9.37914e-13	1.99466e-12
8.96970e+02	1.00000e+00	2.82674e-12	1.05675e-12	9.37914e-13	1.99466e-12
1.09596e+03	1.00000e+00	2.82674e-12	1.05675e-12	9.37914e-13	1.99466e-12
1.29495e+03	1.00000e+00	2.82674e-12	1.05675e-12	9.37914e-13	1.99466e-12
1.49394e+03	1.00000e+00	2.82674e-12	1.05675e-12	9.37914e-13	1.99466e-12
1.69293e+03	1.00000e+00	2.82674e-12	1.05675e-12	9.37914e-13	1.99466e-12
1.89192e+03	1.00000e+00	1.73396e-10	2.57995e-16	2.28983e-16	4.86977e-16
2.09091e+03	1.00000e+00	3.16309e-09	2.98544e-18	1.49357e-18	4.47902e-18
2.28990e+03	1.00000e+00	3.49299e-08	1.35817e-16	4.31234e-19	1.36248e-16
2.48889e+03	1.00000e+00	2.63294e-07	3.55532e-15	1.21176e-19	3.55544e-15
2.68788e+03	9.99999e-01	1.47427e-06	5.78401e-14	7.65754e-18	5.78477e-14
2.88687e+03	9.99993e-01	6.51975e-06	6.45380e-13	2.75051e-16	6.45655e-13
3.08586e+03	9.99976e-01	2.38332e-05	5.31036e-12	6.25906e-15	5.31662e-12
3.28485e+03	9.99925e-01	7.45461e-05	3.40374e-11	9.79578e-14	3.41354e-11
3.48384e+03	9.99795e-01	2.04894e-04	1.77252e-10	1.12327e-12	1.78375e-10
3.68283e+03	9.99495e-01	5.05319e-04	7.74860e-10	9.91453e-12	7.84775e-10
3.88182e+03	9.98863e-01	1.13691e-03	2.91725e-09	7.00328e-11	2.98728e-09
4.08081e+03	9.97635e-01	2.36473e-03	9.65163e-09	4.08346e-10	1.00600e-08
4.27980e+03	9.95404e-01	4.59608e-03	2.85130e-08	2.01495e-09	3.05280e-08
4.47879e+03	9.91580e-01	8.42013e-03	7.61786e-08	8.58588e-09	8.47645e-08
4.67778e+03	9.85356e-01	1.46433e-02	1.85966e-07	3.21240e-08	2.18090e-07
4.87677e+03	9.75687e-01	2.43118e-02	4.18324e-07	1.07024e-07	5.25347e-07
5.07576e+03	9.61287e-01	3.87110e-02	8.73280e-07	3.21340e-07	1.19462e-06
5.27475e+03	9.40669e-01	5.93259e-02	1.70211e-06	8.78747e-07	2.58086e-06
5.47374e+03	9.12242e-01	8.77473e-02	3.11364e-06	2.20921e-06	5.32285e-06
5.67273e+03	8.74472e-01	1.25507e-01	5.36892e-06	5.14850e-06	1.05174e-05
5.87172e+03	8.26127e-01	1.73833e-01	8.75731e-06	1.12037e-05	1.99610e-05
6.07071e+03	7.66594e-01	2.33333e-01	1.35481e-05	2.29095e-05	3.64576e-05
6.26970e+03	6.96233e-01	3.03639e-01	1.99173e-05	4.42572e-05	6.41745e-05
6.46869e+03	6.16678e-01	3.83104e-01	2.78590e-05	8.11423e-05	1.09001e-04
6.66768e+03	5.30970e-01	4.68672e-01	3.71103e-05	1.41742e-04	1.78853e-04
6.86667e+03	4.43357e-01	5.56075e-01	4.71293e-05	2.36726e-04	2.83855e-04
7.06566e+03	3.58689e-01	6.40438e-01	5.71650e-05	3.79237e-04	4.36402e-04
7.26465e+03	2.81487e-01	7.17210e-01	6.64218e-05	5.84730e-04	6.51152e-04
7.46364e+03	2.15003e-01	7.83107e-01	7.42606e-05	8.70832e-04	9.45093e-04
7.66263e+03	1.60679e-01	8.36646e-01	8.03397e-05	1.25745e-03	1.33779e-03
7.86162e+03	1.18230e-01	8.78066e-01	8.46346e-05	1.76716e-03	1.85179e-03
8.06061e+03	8.61948e-02	9.08779e-01	8.73495e-05	2.42576e-03	2.51311e-03
8.25960e+03	6.26012e-02	9.30696e-01	8.87945e-05	3.26275e-03	3.35155e-03
8.45859e+03	4.54866e-02	9.45712e-01	8.92856e-05	4.31159e-03	4.40088e-03
8.65758e+03	3.31662e-02	9.55436e-01	8.90920e-05	5.60982e-03	5.69891e-03
8.85657e+03	2.43146e-02	9.61111e-01	8.84192e-05	7.19893e-03	7.28735e-03
9.05556e+03	1.79428e-02	9.63634e-01	8.74130e-05	9.12415e-03	9.21156e-03
9.25455e+03	1.33349e-02	9.63625e-01	8.61714e-05	1.14341e-02	1.15203e-02
9.45354e+03	9.98199e-03	9.61488e-01	8.47568e-05	1.41803e-02	1.42650e-02
9.65253e+03	7.52472e-03	9.57476e-01	8.32064e-05	1.74165e-02	1.74997e-02
9.85152e+03	5.71019e-03	9.51730e-01	8.15403e-05	2.11982e-02	2.12797e-02
1.00505e+04	4.35995e-03	9.44318e-01	7.97669e-05	2.55813e-02	2.56611e-02
1.02495e+04	3.34760e-03	9.35254e-01	7.78877e-05	3.06215e-02	3.06994e-02
1.04485e+04	2.58306e-03	9.24520e-01	7.58999e-05	3.63726e-02	3.64485e-02
1.06475e+04	2.00170e-03	9.12080e-01	7.37984e-05	4.28855e-02	4.29593e-02
1.08465e+04	1.55679e-03	8.97887e-01	7.15777e-05	5.02066e-02	5.02782e-02
1.10455e+04	1.21432e-03	8.81895e-01	6.92331e-05	5.83760e-02	5.84452e-02
1.12444e+04	9.49298e-04	8.64066e-01	6.67612e-05	6.74257e-02	6.74924e-02
1.14434e+04	7.43265e-04	8.44372e-01	6.41614e-05	7.73781e-02	7.74423e-02
1.16424e+04	5.82451e-04	8.22807e-01	6.14359e-05	8.82441e-02	8.83055e-02
1.18414e+04	4.56516e-04	7.99384e-01	5.85905e-05	1.00021e-01	1.00080e-01
1.20404e+04	3.57641e-04	7.74146e-01	5.56346e-05	1.12692e-01	1.12748e-01
1.22394e+04	2.79870e-04	7.47166e-01	5.25816e-05	1.26224e-01	1.26277e-01
1.24384e+04	2.18631e-04	7.18549e-01	4.94487e-05	1.40567e-01	1.40616e-01
1.26374e+04	1.70396e-04	6.88432e-01	4.62568e-05	1.55652e-01	1.55699e-01
1.28364e+04	1.32421e-04	6.56989e-01	4.30300e-05	1.71396e-01	1.71439e-01
1.30354e+04	1.02561e-04	6.24426e-01	3.97949e-05	1.87696e-01	1.87736e-01
1.32343e+04	7.91294e-05	5.90977e-01	3.65802e-05	2.04435e-01	2.04472e-01
1.34333e+04	6.07919e-05	5.56903e-01	3.34150e-05	2.21485e-01	2.21518e-01
1.36323e+04	4.64904e-05	5.22485e-01	3.03287e-05	2.38704e-01	2.38734e-01
1.38313e+04	3.53818e-05	4.88017e-01	2.73490e-05	2.55947e-01	2.55974e-01
1.40303e+04	2.67931e-05	4.53795e-01	2.45016e-05	2.73065e-01	2.73089e-01
1.42293e+04	2.01866e-05	4.20112e-01	2.18085e-05	2.89912e-01	2.89934e-01
1.44283e+04	1.51324e-05	3.87248e-01	1.92880e-05	3.06349e-01	3.06368e-01
1.46273e+04	1.12881e-05	3.55458e-01	1.69532e-05	3.22248e-01	3.22265e-01
1.48263e+04	8.38098e-06	3.24970e-01	1.48127e-05	3.37496e-01	3.37511e-01
1.50253e+04	6.19549e-06	2.95972e-01	1.28698e-05	3.51998e-01	3.52011e-01
1.52242e+04	4.56187e-06	2.68612e-01	1.11233e-05	3.65680e-01	3.65692e-01
1.54232e+04	3.34742e-06	2.42998e-01	9.56786e-06	3.78490e-01	3.78499e-01
1.56222e+04	2.44916e-06	2.19192e-01	8.19448e-06	3.90395e-01	3.90403e-01
1.58212e+04	1.78782e-06	1.97216e-01	6.99165e-06	4.01384e-01	4.01391e-01
1.60202e+04	1.30288e-06	1.77059e-01	5.94595e-06	4.11464e-01	4.11470e-01
1.62192e+04	9.48482e-07	1.58675e-01	5.04290e-06	4.20657e-01	4.20662e-01
1.64182e+04	6.90200e-07	1.41994e-01	4.26766e-06	4.28998e-01	4.29003e-01
1.66172e+04	5.02348e-07	1.26928e-01	3.60556e-06	4.36532e-01	4.36536e-01
1.68162e+04	3.65905e-07	1.13373e-01	3.04257e-06	4.43310e-01	4.43313e-01
1.70152e+04	2.66869e-07	1.01219e-01	2.56563e-06	4.49388e-01	4.49390e-01
1.72141e+04	1.94986e-07	9.03530e-02	2.16278e-06	4.54821e-01	4.54823e-01
1.74131e+04	1.42783e-07	8.06599e-02	1.82331e-06	4.59668e-01	4.59670e-01
1.76121e+04	1.04828e-07	7.20292e-02	1.53776e-06	4.63984e-01	4.63985e-01
1.78111e+04	7.71896e-08	6.43551e-02	1.29784e-06	4.67821e-01	4.67822e-01
1.80101e+04	5.70212e-08	5.75382e-02	1.09641e-06	4.71230e-01	4.71231e-01
1.82091e+04	4.22682e-08	5.14866e-02	9.27350e-07	4.74256e-01	4.74257e-01
1.84081e+04	3.14467e-08	4.61161e-02	7.85436e-07	4.76941e-01	4.76942e-01
1.86071e+04	2.34847e-08	4.13502e-02	6.66260e-07	4.79324e-01	4.79325e-01
1.88061e+04	1.76074e-08	3.71200e-02	5.66109e-07	4.81439e-01	4.81440e-01
1.90051e+04	1.32539e-08	3.33638e-02	4.81863e-07	4.83318e-01	4.83318e-01
1.92040e+04	1.00175e-08	3.00264e-02	4.10916e-07	4.84986e-01	4.84987e-01
1.94030e+04	7.60239e-09	2.70589e-02	3.51086e-07	4.86470e-01	4.86471e-01
1.96020e+04	5.79334e-09	2.44181e-02	3.00558e-07	4.87791e-01	4.87791e-01
1.98010e+04	4.43296e-09	2.20658e-02	2.57816e-07	4.88967e-01	4.88967e-01
2.00000e+04	3.40595e-09	1.99681e-02	2.21599e-07	4.90016e-01	4.90016e-01
