3.00000e+02	1.00000e+00	7.53955e-12	8.42412e-12	8.42412e-12
4.98990e+02	1.00000e+00	7.53955e-12	8.42412e-12	8.42412e-12
6.97980e+02	1.00000e+00	7.53955e-12	8.42412e-12	8.42412e-12
8.96970e+02	1.00000e+00	7.53955e-12	8.42412e-12	8.42412e-12
1.09596e+03	1.00000e+00	2.25442e-09	2.05667e-15	2.05667e-15
1.29495e+03	1.00000e+00	1.61469e-07	1.00423e-18	1.00423e-18
1.49394e+03	9.99996e-01	3.73299e-06	9.80697e-22	9.80697e-22
1.69293e+03	9.99959e-01	4.14470e-05	2.10931e-22	2.10931e-22
1.89192e+03	9.99722e-01	2.78274e-04	4.62236e-19	4.62236e-19
2.09091e+03	9.98697e-01	1.30302e-03	1.10440e-17	1.10440e-17
2.28990e+03	9.95332e-01	4.66813e-03	6.34722e-16	6.34722e-16
2.48889e+03	9.86387e-01	1.36131e-02	1.86111e-14	1.86111e-14
2.68788e+03	9.66303e-01	3.36966e-02	3.37578e-13	3.37578e-13
2.88687e+03	9.27197e-01	7.28033e-02	4.10989e-12	4.10989e-12
3.08586e+03	8.60251e-01	1.39749e-01	3.62653e-11	3.62653e-11
3.28485e+03	7.59233e-01	2.40767e-01	2.41516e-10	2.41516e-10
3.48384e+03	6.25836e-01	3.74164e-01	1.27845e-09	1.27845e-09
3.68283e+03	4.73970e-01	5.26030e-01	5.52836e-09	5.52836e-09
3.88182e+03	3.27442e-01	6.72558e-01	2.00338e-08	2.00338e-08
4.08081e+03	2.08426e-01	7.91574e-01	6.23671e-08	6.23671e-08
4.27980e+03	1.25600e-01	8.74400e-01	1.71006e-07	1.71006e-07
4.47879e+03	7.40439e-02	9.25955e-01	4.22661e-07	4.22661e-07
4.67778e+03	4.38335e-02	9.56165e-01	9.59692e-07	9.59692e-07
4.87677e+03	2.64649e-02	9.73531e-01	2.03065e-06	2.03065e-06
5.07576e+03	1.64125e-02	9.83579e-01	4.04663e-06	4.04663e-06
5.27475e+03	1.04776e-02	9.89507e-01	7.65574e-06	7.65574e-06
5.47374e+03	6.88302e-03	9.93089e-01	1.38374e-05	1.38374e-05
5.67273e+03	4.64597e-03	9.95306e-01	2.40172e-05	2.40172e-05
5.87172e+03	3.21604e-03	9.96704e-01	4.02024e-05	4.02024e-05
6.07071e+03	2.27845e-03	9.97591e-01	6.51362e-05	6.51362e-05
6.26970e+03	1.64887e-03	9.98146e-01	1.02470e-04	1.02470e-04
6.46869e+03	1.21665e-03	9.98469e-01	1.56947e-04	1.56947e-04
6.66768e+03	9.13811e-04	9.98617e-01	2.34601e-04	2.34601e-04
6.86667e+03	6.97581e-04	9.98617e-01	3.42958e-04	3.42958e-04
7.06566e+03	5.40479e-04	9.98477e-01	4.91237e-04	4.91237e-04
7.26465e+03	4.24484e-04	9.98194e-01	6.90552e-04	6.90552e-04
7.46364e+03	3.37556e-04	9.97754e-01	9.54103e-04	9.54103e-04
7.66263e+03	2.71504e-04	9.97134e-01	1.29735e-03	1.29735e-03
7.86162e+03	2.20664e-04	9.96303e-01	1.73819e-03	1.73819e-03
8.06061e+03	1.81062e-04	9.95225e-01	2.29705e-03	2.29705e-03
8.25960e+03	1.49866e-04	9.93856e-01	2.99703e-03	2.99703e-03
8.45859e+03	1.25033e-04	9.92147e-01	3.86394e-03	3.86394e-03
8.65758e+03	1.05070e-04	9.90042e-01	4.92633e-03	4.92633e-03
8.85657e+03	8.88730e-05	9.87480e-01	6.21546e-03	6.21546e-03
9.05556e+03	7.56159e-05	9.84394e-01	7.76523e-03	7.76523e-03
9.25455e+03	6.46756e-05	9.80711e-01	9.61199e-03	9.61199e-03
9.45354e+03	5.55769e-05	9.76356e-01	1.17944e-02	1.17944e-02
9.65253e+03	4.79540e-05	9.71246e-01	1.43529e-02	1.43529e-02
9.85152e+03	4.15232e-05	9.65299e-01	1.73297e-02	1.73297e-02
1.00505e+04	3.60626e-05	9.58428e-01	2.07680e-02	2.07680e-02
1.02495e+04	3.13974e-05	9.50546e-01	2.47115e-02	2.47115e-02
1.04485e+04	2.73888e-05	9.41565e-01	2.92037e-02	2.92037e-02
1.06475e+04	2.39263e-05	9.31401e-01	3.42875e-02	3.42875e-02
1.08465e+04	2.09209e-05	9.19972e-01	4.00035e-02	4.00035e-02
1.10455e+04	1.83008e-05	9.07202e-01	4.63898e-02	4.63898e-02
1.12444e+04	1.60077e-05	8.93022e-01	5.34808e-02	5.34808e-02
1.14434e+04	1.39942e-05	8.77374e-01	6.13059e-02	6.13059e-02
1.16424e+04	1.22212e-05	8.60211e-01	6.98882e-02	6.98882e-02
1.18414e+04	1.06566e-05	8.41502e-01	7.92439e-02	7.92439e-02
1.20404e+04	9.27374e-06	8.21230e-01	8.93803e-02	8.93803e-02
1.22394e+04	8.05046e-06	7.99401e-01	1.00295e-01	1.00295e-01
1.24384e+04	6.96813e-06	7.76040e-01	1.11976e-01	1.11976e-01
1.26374e+04	6.01099e-06	7.51196e-01	1.24399e-01	1.24399e-01
1.28364e+04	5.16561e-06	7.24942e-01	1.37526e-01	1.37526e-01
1.30354e+04	4.42040e-06	6.97377e-01	1.51309e-01	1.51309e-01
1.32343e+04	3.76525e-06	6.68625e-01	1.65686e-01	1.65686e-01
1.34333e+04	3.19122e-06	6.38836e-01	1.80581e-01	1.80581e-01
1.36323e+04	2.69033e-06	6.08182e-01	1.95908e-01	1.95908e-01
1.38313e+04	2.25531e-06	5.76859e-01	2.11569e-01	2.11569e-01
1.40303e+04	1.87954e-06	5.45078e-01	2.27460e-01	2.27460e-01
1.42293e+04	1.55686e-06	5.13066e-01	2.43466e-01	2.43466e-01
1.44283e+04	1.28156e-06	4.81058e-01	2.59471e-01	2.59471e-01
1.46273e+04	1.04829e-06	4.49290e-01	2.75355e-01	2.75355e-01
1.48263e+04	8.52062e-07	4.17996e-01	2.91002e-01	2.91002e-01
1.50253e+04	6.88233e-07	3.87401e-01	3.06299e-01	3.06299e-01
1.52242e+04	5.52501e-07	3.57712e-01	3.21144e-01	3.21144e-01
1.54232e+04	4.40916e-07	3.29115e-01	3.35442e-01	3.35442e-01
1.56222e+04	3.49887e-07	3.01771e-01	3.49114e-01	3.49114e-01
1.58212e+04	2.76187e-07	2.75810e-01	3.62095e-01	3.62095e-01
1.60202e+04	2.16951e-07	2.51330e-01	3.74335e-01	3.74335e-01
1.62192e+04	1.69670e-07	2.28398e-01	3.85801e-01	3.85801e-01
1.64182e+04	1.32178e-07	2.07049e-01	3.96475e-01	3.96475e-01
1.66172e+04	1.02625e-07	1.87289e-01	4.06356e-01	4.06356e-01
1.68162e+04	7.94567e-08	1.69097e-01	4.15452e-01	4.15452e-01
1.70152e+04	6.13806e-08	1.52431e-01	4.23784e-01	4.23784e-01
1.72141e+04	4.73364e-08	1.37232e-01	4.31384e-01	4.31384e-01
1.74131e+04	3.64633e-08	1.23424e-01	4.38288e-01	4.38288e-01
1.76121e+04	2.80693e-08	1.10924e-01	4.44538e-01	4.44538e-01
1.78111e+04	2.16039e-08	9.96417e-02	4.50179e-01	4.50179e-01
1.80101e+04	1.66321e-08	8.94848e-02	4.55258e-01	4.55258e-01
1.82091e+04	1.28130e-08	8.03605e-02	4.59820e-01	4.59820e-01
1.84081e+04	9.88097e-09	7.21779e-02	4.63911e-01	4.63911e-01
1.86071e+04	7.63019e-09	6.48500e-02	4.67575e-01	4.67575e-01
1.88061e+04	5.90173e-09	5.82942e-02	4.70853e-01	4.70853e-01
1.90051e+04	4.57339e-09	5.24334e-02	4.73783e-01	4.73783e-01
1.92040e+04	3.55143e-09	4.71963e-02	4.76402e-01	4.76402e-01
1.94030e+04	2.76409e-09	4.25175e-02	4.78741e-01	4.78741e-01
1.96020e+04	2.15649e-09	3.83376e-02	4.80831e-01	4.80831e-01
1.98010e+04	1.68673e-09	3.46026e-02	4.82699e-01	4.82699e-01
2.00000e+04	1.32277e-09	3.12639e-02	4.84368e-01	4.84368e-01
