3.00000e+02	1.00000e+00	9.37447e-14	3.03772e-14	1.00135e-14	4.03907e-14
4.98990e+02	1.00000e+00	9.37447e-14	3.03772e-14	1.00135e-14	4.03907e-14
6.97980e+02	1.00000e+00	9.37447e-14	3.03772e-14	1.00135e-14	4.03907e-14
8.96970e+02	1.00000e+00	9.37447e-14	3.03772e-14	1.00135e-14	4.03907e-14
1.09596e+03	1.00000e+00	2.25442e-09	5.79399e-20	1.90993e-20	7.70392e-20
1.29495e+03	1.00000e+00	1.61469e-07	3.25681e-23	8.50089e-24	4.10690e-23
1.49394e+03	9.99996e-01	3.73299e-06	3.69894e-20	2.81831e-21	3.98077e-20
1.69293e+03	9.99959e-01	4.14470e-05	1.16265e-17	3.98848e-19	1.20254e-17
1.89192e+03	9.99722e-01	2.78274e-04	8.29192e-16	4.22975e-22	8.29193e-16
2.09091e+03	9.98697e-01	1.30302e-03	3.18222e-14	3.83288e-21	3.18222e-14
2.28990e+03	9.95332e-01	4.66813e-03	6.53433e-13	5.95007e-19	6.53434e-13
2.48889e+03	9.86387e-01	1.36131e-02	8.31729e-12	4.16448e-17	8.31733e-12
2.68788e+03	9.66303e-01	3.36966e-02	7.26692e-11	1.56816e-15	7.26707e-11
2.88687e+03	9.27197e-01	7.28033e-02	4.68094e-10	3.60823e-14	4.68130e-10
3.08586e+03	8.60251e-01	1.39749e-01	2.33701e-09	5.57715e-13	2.33757e-09
3.28485e+03	7.59233e-01	2.40767e-01	9.36201e-09	6.22184e-12	9.36823e-09
3.48384e+03	6.25836e-01	3.74164e-01	3.08166e-08	5.29467e-11	3.08696e-08
3.68283e+03	4.73970e-01	5.26030e-01	8.48116e-08	3.58842e-10	8.51704e-08
3.88182e+03	3.27441e-01	6.72558e-01	1.98338e-07	2.00334e-09	2.00342e-07
4.08081e+03	2.08426e-01	7.91573e-01	4.01955e-07	9.45443e-09	4.11410e-07
4.27980e+03	1.25599e-01	8.74399e-01	7.22483e-07	3.84315e-08	7.60915e-07
4.47879e+03	7.40437e-02	9.25954e-01	1.17585e-06	1.36159e-07	1.31201e-06
4.67778e+03	4.38333e-02	9.56162e-01	1.75489e-06	4.22907e-07	2.17780e-06
4.87677e+03	2.64648e-02	9.73528e-01	2.41505e-06	1.15502e-06	3.57008e-06
5.07576e+03	1.64124e-02	9.83576e-01	3.07975e-06	2.78983e-06	5.86958e-06
5.27475e+03	1.04775e-02	9.89503e-01	3.67586e-06	6.03532e-06	9.71119e-06
5.47374e+03	6.88296e-03	9.93085e-01	4.16802e-06	1.19094e-05	1.60774e-05
5.67273e+03	4.64593e-03	9.95301e-01	4.55962e-06	2.18453e-05	2.64049e-05
5.87172e+03	3.21601e-03	9.96699e-01	4.87255e-06	3.78398e-05	4.27123e-05
6.07071e+03	2.27843e-03	9.97586e-01	5.13039e-06	6.26213e-05	6.77517e-05
6.26970e+03	1.64885e-03	9.98141e-01	5.35163e-06	9.98284e-05	1.05180e-04
6.46869e+03	1.21664e-03	9.98464e-01	5.54908e-06	1.54196e-04	1.59745e-04
6.66768e+03	9.13801e-04	9.98611e-01	5.73111e-06	2.31753e-04	2.37484e-04
6.86667e+03	6.97572e-04	9.98611e-01	5.90311e-06	3.40018e-04	3.45921e-04
7.06566e+03	5.40472e-04	9.98471e-01	6.06855e-06	4.88210e-04	4.94279e-04
7.26465e+03	4.24479e-04	9.98188e-01	6.22963e-06	6.87442e-04	6.93671e-04
7.46364e+03	3.37552e-04	9.97748e-01	6.38776e-06	9.50911e-04	9.57299e-04
7.66263e+03	2.71500e-04	9.97127e-01	6.54380e-06	1.29408e-03	1.30063e-03
7.86162e+03	2.20661e-04	9.96296e-01	6.69819e-06	1.73484e-03	1.74154e-03
8.06061e+03	1.81059e-04	9.95218e-01	6.85109e-06	2.29362e-03	2.30047e-03
8.25960e+03	1.49864e-04	9.93849e-01	7.00241e-06	2.99352e-03	3.00052e-03
8.45859e+03	1.25032e-04	9.92140e-01	7.15184e-06	3.86035e-03	3.86750e-03
8.65758e+03	1.05069e-04	9.90035e-01	7.29887e-06	4.92266e-03	4.92996e-03
8.85657e+03	8.88717e-05	9.87473e-01	7.44280e-06	6.21172e-03	6.21916e-03
9.05556e+03	7.56147e-05	9.84386e-01	7.58273e-06	7.76141e-03	7.76899e-03
9.25455e+03	6.46746e-05	9.80704e-01	7.71761e-06	9.60809e-03	9.61581e-03
9.45354e+03	5.55760e-05	9.76348e-01	7.84616e-06	1.17904e-02	1.17982e-02
9.65253e+03	4.79532e-05	9.71238e-01	7.96698e-06	1.43488e-02	1.43568e-02
9.85152e+03	4.15225e-05	9.65291e-01	8.07846e-06	1.73256e-02	1.73336e-02
1.00505e+04	3.60620e-05	9.58420e-01	8.17885e-06	2.07638e-02	2.07720e-02
1.02495e+04	3.13968e-05	9.50538e-01	8.26629e-06	2.47072e-02	2.47155e-02
1.04485e+04	2.73883e-05	9.41557e-01	8.33879e-06	2.91995e-02	2.92078e-02
1.06475e+04	2.39259e-05	9.31393e-01	8.39426e-06	3.42831e-02	3.42915e-02
1.08465e+04	2.09205e-05	9.19964e-01	8.43061e-06	3.99991e-02	4.00075e-02
1.10455e+04	1.83004e-05	9.07194e-01	8.44573e-06	4.63854e-02	4.63938e-02
1.12444e+04	1.60074e-05	8.93014e-01	8.43758e-06	5.34764e-02	5.34848e-02
1.14434e+04	1.39940e-05	8.77366e-01	8.40424e-06	6.13014e-02	6.13098e-02
1.16424e+04	1.22210e-05	8.60204e-01	8.34395e-06	6.98838e-02	6.98921e-02
1.18414e+04	1.06564e-05	8.41494e-01	8.25524e-06	7.92394e-02	7.92476e-02
1.20404e+04	9.27358e-06	8.21223e-01	8.13695e-06	8.93758e-02	8.93839e-02
1.22394e+04	8.05032e-06	7.99394e-01	7.98833e-06	1.00291e-01	1.00299e-01
1.24384e+04	6.96800e-06	7.76033e-01	7.80910e-06	1.11972e-01	1.11980e-01
1.26374e+04	6.01089e-06	7.51190e-01	7.59950e-06	1.24395e-01	1.24402e-01
1.28364e+04	5.16552e-06	7.24936e-01	7.36036e-06	1.37522e-01	1.37529e-01
1.30354e+04	4.42033e-06	6.97371e-01	7.09312e-06	1.51305e-01	1.51312e-01
1.32343e+04	3.76519e-06	6.68620e-01	6.79985e-06	1.65681e-01	1.65688e-01
1.34333e+04	3.19117e-06	6.38831e-01	6.48322e-06	1.80577e-01	1.80583e-01
1.36323e+04	2.69029e-06	6.08178e-01	6.14648e-06	1.95904e-01	1.95910e-01
1.38313e+04	2.25528e-06	5.76855e-01	5.79339e-06	2.11566e-01	2.11572e-01
1.40303e+04	1.87951e-06	5.45074e-01	5.42809e-06	2.27456e-01	2.27462e-01
1.42293e+04	1.55684e-06	5.13063e-01	5.05503e-06	2.43463e-01	2.43468e-01
1.44283e+04	1.28154e-06	4.81055e-01	4.67881e-06	2.59467e-01	2.59472e-01
1.46273e+04	1.04828e-06	4.49287e-01	4.30402e-06	2.75352e-01	2.75356e-01
1.48263e+04	8.52052e-07	4.17994e-01	3.93508e-06	2.90999e-01	2.91003e-01
1.50253e+04	6.88226e-07	3.87399e-01	3.57610e-06	3.06297e-01	3.06300e-01
1.52242e+04	5.52496e-07	3.57710e-01	3.23075e-06	3.21141e-01	3.21145e-01
1.54232e+04	4.40912e-07	3.29114e-01	2.90216e-06	3.35440e-01	3.35443e-01
1.56222e+04	3.49884e-07	3.01770e-01	2.59280e-06	3.49112e-01	3.49115e-01
1.58212e+04	2.76185e-07	2.75809e-01	2.30451e-06	3.62093e-01	3.62095e-01
1.60202e+04	2.16949e-07	2.51329e-01	2.03844e-06	3.74333e-01	3.74335e-01
1.62192e+04	1.69669e-07	2.28397e-01	1.79512e-06	3.85799e-01	3.85801e-01
1.64182e+04	1.32177e-07	2.07048e-01	1.57451e-06	3.96474e-01	3.96476e-01
1.66172e+04	1.02625e-07	1.87288e-01	1.37607e-06	4.06354e-01	4.06356e-01
1.68162e+04	7.94563e-08	1.69097e-01	1.19888e-06	4.15450e-01	4.15452e-01
1.70152e+04	6.13804e-08	1.52431e-01	1.04168e-06	4.23783e-01	4.23784e-01
1.72141e+04	4.73363e-08	1.37232e-01	9.03067e-07	4.31383e-01	4.31384e-01
1.74131e+04	3.64632e-08	1.23424e-01	7.81466e-07	4.38287e-01	4.38288e-01
1.76121e+04	2.80692e-08	1.10924e-01	6.75278e-07	4.44537e-01	4.44538e-01
1.78111e+04	2.16038e-08	9.96416e-02	5.82914e-07	4.50179e-01	4.50179e-01
1.80101e+04	1.66320e-08	8.94847e-02	5.02839e-07	4.55257e-01	4.55258e-01
1.82091e+04	1.28129e-08	8.03604e-02	4.33607e-07	4.59819e-01	4.59820e-01
1.84081e+04	9.88096e-09	7.21779e-02	3.73883e-07	4.63911e-01	4.63911e-01
1.86071e+04	7.63018e-09	6.48500e-02	3.22447e-07	4.67575e-01	4.67575e-01
1.88061e+04	5.90173e-09	5.82941e-02	2.78207e-07	4.70853e-01	4.70853e-01
1.90051e+04	4.57339e-09	5.24333e-02	2.40188e-07	4.73783e-01	4.73783e-01
1.92040e+04	3.55143e-09	4.71963e-02	2.07532e-07	4.76402e-01	4.76402e-01
1.94030e+04	2.76409e-09	4.25175e-02	1.79488e-07	4.78741e-01	4.78741e-01
1.96020e+04	2.15649e-09	3.83376e-02	1.55403e-07	4.80831e-01	4.80831e-01
1.98010e+04	1.68673e-09	3.46025e-02	1.34711e-07	4.82699e-01	4.82699e-01
2.00000e+04	1.32277e-09	3.12639e-02	1.16924e-07	4.84368e-01	4.84368e-01
