3.00000e+02	7.90000e-01	8.07794e-33	6.21980e-35	2.10000e-01	6.86714e-34	8.88988e-35	2.31536e-16	5.76362e-138	2.67007e-35
4.98990e+02	7.90000e-01	3.23117e-32	9.40552e-33	2.10000e-01	4.70393e-24	9.43065e-33	5.06069e-10	5.03867e-69	2.51231e-35
6.97980e+02	7.90000e-01	1.61559e-32	3.80468e-33	2.10000e-01	1.44977e-16	3.82980e-33	2.69331e-07	2.78962e-39	2.51231e-35
8.96970e+02	7.89996e-01	3.65035e-25	3.81290e-33	2.09996e-01	2.20248e-12	1.25886e-33	8.85829e-06	5.35743e-29	5.35718e-29
1.09596e+03	7.89959e-01	1.09441e-19	5.08062e-21	2.09959e-01	1.03300e-09	4.51861e-21	8.20127e-05	2.81504e-24	9.60205e-21
1.29495e+03	7.89808e-01	1.24764e-16	2.36960e-33	2.09808e-01	7.39606e-08	3.95769e-33	3.83246e-04	5.40191e-20	5.40191e-20
1.49394e+03	7.89406e-01	4.61882e-14	4.85401e-33	2.09405e-01	1.70825e-06	1.70798e-33	1.18709e-03	2.83222e-17	2.83222e-17
1.69293e+03	7.88585e-01	4.28365e-12	1.32948e-32	2.08581e-01	1.89295e-05	5.86698e-30	2.81487e-03	3.46899e-15	3.46899e-15
1.89192e+03	7.87174e-01	1.53842e-10	1.38767e-33	2.07147e-01	1.26670e-04	2.09088e-26	5.55291e-03	1.56665e-13	1.56665e-13
2.09091e+03	7.84972e-01	2.80245e-09	2.12150e-30	2.04848e-01	5.90131e-04	1.59593e-23	9.59071e-03	3.46130e-12	3.46130e-12
2.28990e+03	7.81680e-01	3.08825e-08	2.51594e-27	2.01239e-01	2.09901e-03	3.88549e-21	1.49814e-02	4.49817e-11	4.49817e-11
2.48889e+03	7.76804e-01	2.32058e-07	9.74850e-25	1.95531e-01	6.06097e-03	3.95917e-19	2.16037e-02	3.89515e-10	3.89515e-10
2.68788e+03	7.69599e-01	1.29333e-06	1.58553e-22	1.86491e-01	1.48033e-02	2.04262e-17	2.91050e-02	2.45095e-09	2.45095e-09
2.88687e+03	7.59174e-01	5.68072e-06	1.29882e-20	1.72582e-01	3.14097e-02	6.11699e-16	3.68282e-02	1.19134e-08	1.19134e-08
3.08586e+03	7.44850e-01	2.05694e-05	6.14643e-19	1.52509e-01	5.88418e-02	1.17478e-14	4.37786e-02	4.67256e-08	4.67256e-08
3.28485e+03	7.26795e-01	6.35546e-05	1.86815e-17	1.26230e-01	9.81724e-02	1.55745e-13	4.87387e-02	1.52600e-07	1.52600e-07
3.48384e+03	7.06640e-01	1.72256e-04	3.96387e-16	9.60016e-02	1.46545e-01	1.50638e-12	5.06407e-02	4.24955e-07	4.24956e-07
3.68283e+03	6.87329e-01	4.19042e-04	6.26634e-15	6.63346e-02	1.96791e-01	1.11043e-11	4.91247e-02	1.02965e-06	1.02966e-06
3.88182e+03	6.71692e-01	9.32308e-04	7.74540e-14	4.19041e-02	2.40598e-01	6.48219e-11	4.48695e-02	2.21489e-06	2.21496e-06
4.08081e+03	6.60709e-01	1.92443e-03	7.73770e-13	2.48424e-02	2.73282e-01	3.10812e-10	3.92334e-02	4.32018e-06	4.32049e-06
4.27980e+03	6.53343e-01	3.72356e-03	6.39280e-12	1.43097e-02	2.95142e-01	1.26620e-09	3.34656e-02	7.79418e-06	7.79545e-06
4.47879e+03	6.47734e-01	6.80540e-03	4.44927e-11	8.24203e-03	3.08932e-01	4.50830e-09	2.82606e-02	1.32158e-05	1.32204e-05
4.67778e+03	6.42122e-01	1.18209e-02	2.65296e-10	4.82868e-03	3.17354e-01	1.43393e-08	2.38322e-02	2.13033e-05	2.13180e-05
4.87677e+03	6.35052e-01	1.96140e-02	1.37679e-09	2.89922e-03	3.22222e-01	4.14255e-08	2.01470e-02	3.29036e-05	3.29464e-05
5.07576e+03	6.25251e-01	3.12202e-02	6.30876e-09	1.78705e-03	3.24556e-01	1.10107e-07	1.70874e-02	4.89576e-05	4.90740e-05
5.27475e+03	6.11519e-01	4.78334e-02	2.58522e-08	1.12926e-03	3.24851e-01	2.72034e-07	1.45267e-02	7.04342e-05	7.07321e-05
5.47374e+03	5.92690e-01	7.07282e-02	9.57922e-08	7.29477e-04	3.23299e-01	6.29965e-07	1.23557e-02	9.82226e-05	9.89484e-05
5.67273e+03	5.67701e-01	1.01124e-01	3.23971e-07	4.80058e-04	3.19937e-01	1.37684e-06	1.04884e-02	1.32969e-04	1.34670e-04
5.87172e+03	5.35726e-01	1.39985e-01	1.00773e-06	3.20715e-04	3.14749e-01	2.85598e-06	8.86153e-03	1.74846e-04	1.78710e-04
6.07071e+03	4.96379e-01	1.87759e-01	2.89971e-06	2.16836e-04	3.07750e-01	5.64698e-06	7.43110e-03	2.23232e-04	2.31779e-04
6.26970e+03	4.49941e-01	2.44094e-01	7.74696e-06	1.48016e-04	2.99058e-01	1.06742e-05	6.16923e-03	2.76303e-04	2.94724e-04
6.46869e+03	3.97553e-01	3.07599e-01	1.92389e-05	1.01891e-04	2.88948e-01	1.93118e-05	5.06015e-03	3.30568e-04	3.69119e-04
6.66768e+03	3.41291e-01	3.75748e-01	4.43442e-05	7.07567e-05	2.77878e-01	3.34141e-05	4.09606e-03	3.80580e-04	4.58338e-04
6.86667e+03	2.84011e-01	4.45066e-01	9.45148e-05	4.96670e-05	2.66462e-01	5.51551e-05	3.27263e-03	4.19357e-04	5.69027e-04
7.06566e+03	2.28927e-01	5.11642e-01	1.85577e-04	3.53585e-05	2.55385e-01	8.66318e-05	2.58484e-03	4.40254e-04	7.12463e-04
7.26465e+03	1.78976e-01	5.71892e-01	3.35483e-04	2.56289e-05	2.45273e-01	1.29477e-04	2.02400e-03	4.40011e-04	9.04971e-04
7.46364e+03	1.36207e-01	6.23302e-01	5.61324e-04	1.89752e-05	2.36561e-01	1.84943e-04	1.57692e-03	4.20736e-04	1.16700e-03
7.66263e+03	1.01459e-01	6.64826e-01	8.78489e-04	1.43737e-05	2.29430e-01	2.54512e-04	1.22705e-03	3.88622e-04	1.52162e-03
7.86162e+03	7.44489e-02	6.96774e-01	1.30254e-03	1.11367e-05	2.23822e-01	3.40460e-04	9.56687e-04	3.50618e-04	1.99362e-03
8.06061e+03	5.41555e-02	7.20343e-01	1.85167e-03	8.80949e-06	2.19525e-01	4.45990e-04	7.49159e-04	3.11968e-04	2.60963e-03
8.25960e+03	3.92643e-02	7.37081e-01	2.54807e-03	7.09592e-06	2.16260e-01	5.75055e-04	5.90120e-04	2.75675e-04	3.39880e-03
8.45859e+03	2.84930e-02	7.48490e-01	3.41824e-03	5.80381e-06	2.13757e-01	7.32152e-04	4.67973e-04	2.43029e-04	4.39342e-03
8.65758e+03	2.07556e-02	7.55826e-01	4.49273e-03	4.80781e-06	2.11781e-01	9.22208e-04	3.73718e-04	2.14321e-04	5.62926e-03
8.85657e+03	1.52057e-02	7.60051e-01	5.80581e-03	4.02497e-06	2.10148e-01	1.15053e-03	3.00528e-04	1.89348e-04	7.14569e-03
9.05556e+03	1.12152e-02	7.61852e-01	7.39502e-03	3.39923e-06	2.08715e-01	1.42281e-03	2.43291e-04	1.67714e-04	8.98555e-03
9.25455e+03	8.33195e-03	7.61703e-01	9.30082e-03	2.89180e-06	2.07374e-01	1.74510e-03	1.98192e-04	1.48976e-04	1.11949e-02
9.45354e+03	6.23524e-03	7.59909e-01	1.15661e-02	2.47516e-06	2.06045e-01	2.12380e-03	1.62389e-04	1.32713e-04	1.38226e-02
9.65253e+03	4.69934e-03	7.56660e-01	1.42355e-02	2.12938e-06	2.04665e-01	2.56566e-03	1.33751e-04	1.18551e-04	1.69197e-02
9.85152e+03	3.56556e-03	7.52061e-01	1.73551e-02	1.83968e-06	2.03183e-01	3.07772e-03	1.10680e-04	1.06166e-04	2.05389e-02
1.00505e+04	2.72211e-03	7.46157e-01	2.09711e-02	1.59494e-06	2.01560e-01	3.66727e-03	9.19634e-05	9.52863e-05	2.47337e-02
1.02495e+04	2.08985e-03	7.38959e-01	2.51296e-02	1.38663e-06	1.99759e-01	4.34180e-03	7.66800e-05	8.56845e-05	2.95571e-02
1.04485e+04	1.61243e-03	7.30447e-01	2.98748e-02	1.20815e-06	1.97753e-01	5.10891e-03	6.41230e-05	7.71703e-05	3.50608e-02
1.06475e+04	1.24943e-03	7.20593e-01	3.52483e-02	1.05430e-06	1.95515e-01	5.97622e-03	5.37470e-05	6.95856e-05	4.12941e-02
1.08465e+04	9.71663e-04	7.09356e-01	4.12877e-02	9.20971e-07	1.93022e-01	6.95128e-03	4.51281e-05	6.27987e-05	4.83018e-02
1.10455e+04	7.57863e-04	6.96701e-01	4.80252e-02	8.04889e-07	1.90256e-01	8.04146e-03	3.79350e-05	5.67002e-05	5.61234e-02
1.12444e+04	5.92428e-04	6.82595e-01	5.54859e-02	7.03405e-07	1.87198e-01	9.25380e-03	3.19066e-05	5.11986e-05	6.47909e-02
1.14434e+04	4.63822e-04	6.67018e-01	6.36867e-02	6.14376e-07	1.83835e-01	1.05949e-02	2.68360e-05	4.62180e-05	7.43278e-02
1.16424e+04	3.63447e-04	6.49963e-01	7.26343e-02	5.36052e-07	1.80157e-01	1.20707e-02	2.25582e-05	4.16949e-05	8.47467e-02
1.18414e+04	2.84847e-04	6.31442e-01	8.23242e-02	4.66995e-07	1.76158e-01	1.36864e-02	1.89409e-05	3.75761e-05	9.60481e-02
1.20404e+04	2.23140e-04	6.11487e-01	9.27392e-02	4.06019e-07	1.71835e-01	1.54463e-02	1.58769e-05	3.38175e-05	1.08219e-01
1.22394e+04	1.74606e-04	5.90158e-01	1.03848e-01	3.52134e-07	1.67189e-01	1.73535e-02	1.32791e-05	3.03820e-05	1.21232e-01
1.24384e+04	1.36391e-04	5.67536e-01	1.15607e-01	3.04511e-07	1.62229e-01	1.94099e-02	1.10760e-05	2.72386e-05	1.35044e-01
1.26374e+04	1.06294e-04	5.43732e-01	1.27953e-01	2.62449e-07	1.56965e-01	2.16157e-02	9.20853e-06	2.43612e-05	1.49594e-01
1.28364e+04	8.25999e-05	5.18883e-01	1.40815e-01	2.25347e-07	1.51415e-01	2.39697e-02	7.62763e-06	2.17281e-05	1.64806e-01
1.30354e+04	6.39706e-05	4.93150e-01	1.54102e-01	1.92686e-07	1.45600e-01	2.64687e-02	6.29197e-06	1.93204e-05	1.80590e-01
1.32343e+04	4.93527e-05	4.66720e-01	1.67713e-01	1.64014e-07	1.39549e-01	2.91075e-02	5.16661e-06	1.71224e-05	1.96838e-01
1.34333e+04	3.79138e-05	4.39800e-01	1.81538e-01	1.38929e-07	1.33293e-01	3.18787e-02	4.22170e-06	1.51200e-05	2.13432e-01
1.36323e+04	2.89932e-05	4.12611e-01	1.95458e-01	1.17071e-07	1.26869e-01	3.47725e-02	3.43160e-06	1.33009e-05	2.30244e-01
1.38313e+04	2.20648e-05	3.85385e-01	2.09348e-01	9.81126e-08	1.20317e-01	3.77770e-02	2.77409e-06	1.16538e-05	2.47136e-01
1.40303e+04	1.67083e-05	3.58356e-01	2.23084e-01	8.17555e-08	1.13682e-01	4.08776e-02	2.22984e-06	1.01684e-05	2.63972e-01
1.42293e+04	1.25883e-05	3.31755e-01	2.36545e-01	6.77237e-08	1.07009e-01	4.40573e-02	1.78198e-06	8.83462e-06	2.80611e-01
1.44283e+04	9.43658e-06	3.05803e-01	2.49616e-01	5.57611e-08	1.00345e-01	4.72968e-02	1.41574e-06	7.64278e-06	2.96921e-01
1.46273e+04	7.03932e-06	2.80701e-01	2.62195e-01	4.56301e-08	9.37372e-02	5.05750e-02	1.11822e-06	6.58331e-06	3.12777e-01
1.48263e+04	5.22656e-06	2.56628e-01	2.74192e-01	3.71098e-08	8.72331e-02	5.38688e-02	8.78182e-07	5.64665e-06	3.28067e-01
1.50253e+04	3.86377e-06	2.33732e-01	2.85535e-01	2.99958e-08	8.08766e-02	5.71542e-02	6.85859e-07	4.82328e-06	3.42694e-01
1.52242e+04	2.84510e-06	2.12130e-01	2.96168e-01	2.40997e-08	7.47090e-02	6.04064e-02	5.32838e-07	4.10368e-06	3.56579e-01
1.54232e+04	2.08778e-06	1.91907e-01	3.06057e-01	1.92497e-08	6.87673e-02	6.36011e-02	4.11921e-07	3.47842e-06	3.69662e-01
1.56222e+04	1.52762e-06	1.73111e-01	3.15184e-01	1.52899e-08	6.30836e-02	6.67147e-02	3.17006e-07	2.93826e-06	3.81902e-01
1.58212e+04	1.11519e-06	1.55760e-01	3.23549e-01	1.20808e-08	5.76842e-02	6.97256e-02	2.42975e-07	2.47422e-06	3.93277e-01
1.60202e+04	8.12741e-07	1.39844e-01	3.31166e-01	9.49872e-09	5.25892e-02	7.26147e-02	1.85573e-07	2.07769e-06	4.03783e-01
1.62192e+04	5.91702e-07	1.25327e-01	3.38062e-01	7.43542e-09	4.78126e-02	7.53658e-02	1.41308e-07	1.74055e-06	4.13430e-01
1.64182e+04	4.30598e-07	1.12155e-01	3.44273e-01	5.79735e-09	4.33619e-02	7.79663e-02	1.07340e-07	1.45524e-06	4.22241e-01
1.66172e+04	3.13418e-07	1.00257e-01	3.49843e-01	4.50469e-09	3.92389e-02	8.04073e-02	8.13855e-08	1.21479e-06	4.30252e-01
1.68162e+04	2.28301e-07	8.95526e-02	3.54819e-01	3.49018e-09	3.54401e-02	8.26834e-02	6.16269e-08	1.01291e-06	4.37503e-01
1.70152e+04	1.66516e-07	7.99543e-02	3.59250e-01	2.69787e-09	3.19573e-02	8.47928e-02	4.66306e-08	8.43959e-07	4.44044e-01
1.72141e+04	1.21668e-07	7.13722e-02	3.63187e-01	2.08173e-09	2.87786e-02	8.67367e-02	3.52757e-08	7.02939e-07	4.49925e-01
1.74131e+04	8.90968e-08	6.37164e-02	3.66678e-01	1.60432e-09	2.58891e-02	8.85190e-02	2.66932e-08	5.85494e-07	4.55197e-01
1.76121e+04	6.54150e-08	5.68994e-02	3.69768e-01	1.23550e-09	2.32718e-02	9.01458e-02	2.02135e-08	4.87848e-07	4.59914e-01
1.78111e+04	4.81689e-08	5.08378e-02	3.72502e-01	9.51236e-10	2.09083e-02	9.16247e-02	1.53242e-08	4.06760e-07	4.64127e-01
1.80101e+04	3.55839e-08	4.54532e-02	3.74919e-01	7.32532e-10	1.87797e-02	9.29645e-02	1.16352e-08	3.39473e-07	4.67884e-01
1.82091e+04	2.63777e-08	4.06730e-02	3.77055e-01	5.64459e-10	1.68669e-02	9.41746e-02	8.85058e-09	2.83658e-07	4.71230e-01
1.84081e+04	1.96248e-08	3.64307e-02	3.78944e-01	4.35379e-10	1.51509e-02	9.52650e-02	6.74673e-09	2.37357e-07	4.74209e-01
1.86071e+04	1.46561e-08	3.26659e-02	3.80615e-01	3.36258e-10	1.36138e-02	9.62454e-02	5.15522e-09	1.98932e-07	4.76860e-01
1.88061e+04	1.09884e-08	2.93243e-02	3.82093e-01	2.60120e-10	1.22383e-02	9.71256e-02	3.94934e-09	1.67022e-07	4.79219e-01
1.90051e+04	8.27153e-09	2.63570e-02	3.83402e-01	2.01595e-10	1.10085e-02	9.79148e-02	3.03389e-09	1.40497e-07	4.81317e-01
1.92040e+04	6.25175e-09	2.37205e-02	3.84563e-01	1.56560e-10	9.90939e-03	9.86217e-02	2.33741e-09	1.18422e-07	4.83185e-01
1.94030e+04	4.74456e-09	2.13763e-02	3.85594e-01	1.21860e-10	8.92734e-03	9.92545e-02	1.80626e-09	1.00024e-07	4.84848e-01
1.96020e+04	3.61557e-09	1.92902e-02	3.86509e-01	9.50782e-11	8.04991e-03	9.98207e-02	1.40015e-09	8.46675e-08	4.86330e-01
1.98010e+04	2.76658e-09	1.74319e-02	3.87324e-01	7.43700e-11	7.26582e-03	1.00327e-01	1.08880e-09	7.18270e-08	4.87651e-01
2.00000e+04	2.12563e-09	1.57747e-02	3.88049e-01	5.83249e-11	6.56490e-03	1.00781e-01	8.49414e-10	6.10710e-08	4.88830e-01
