3.00000e+02	7.90000e-01	2.30096e-15	2.10000e-01	1.42947e-15	1.53064e-15
4.98990e+02	7.90000e-01	1.92935e-17	2.10000e-01	9.55305e-17	5.06069e-10
6.97980e+02	7.90000e-01	2.01948e-32	2.10000e-01	1.44977e-16	2.69331e-07
8.96970e+02	7.89996e-01	3.65035e-25	2.09996e-01	2.20248e-12	8.85829e-06
1.09596e+03	7.89959e-01	3.09486e-19	2.09959e-01	1.03300e-09	8.20127e-05
1.29495e+03	7.89808e-01	1.24764e-16	2.09808e-01	7.39606e-08	3.83246e-04
1.49394e+03	7.89406e-01	4.61882e-14	2.09405e-01	1.70825e-06	1.18709e-03
1.69293e+03	7.88585e-01	4.28365e-12	2.08581e-01	1.89295e-05	2.81487e-03
1.89192e+03	7.87174e-01	1.53842e-10	2.07147e-01	1.26670e-04	5.55291e-03
2.09091e+03	7.84972e-01	2.80245e-09	2.04848e-01	5.90131e-04	9.59071e-03
2.28990e+03	7.81680e-01	3.08825e-08	2.01239e-01	2.09901e-03	1.49814e-02
2.48889e+03	7.76804e-01	2.32058e-07	1.95531e-01	6.06097e-03	2.16037e-02
2.68788e+03	7.69599e-01	1.29333e-06	1.86491e-01	1.48033e-02	2.91050e-02
2.88687e+03	7.59174e-01	5.68072e-06	1.72582e-01	3.14097e-02	3.68282e-02
3.08586e+03	7.44850e-01	2.05694e-05	1.52509e-01	5.88418e-02	4.37786e-02
3.28485e+03	7.26796e-01	6.35546e-05	1.26230e-01	9.81724e-02	4.87387e-02
3.48384e+03	7.06640e-01	1.72256e-04	9.60018e-02	1.46545e-01	5.06407e-02
3.68283e+03	6.87330e-01	4.19042e-04	6.63349e-02	1.96791e-01	4.91248e-02
3.88182e+03	6.71694e-01	9.32309e-04	4.19047e-02	2.40599e-01	4.48699e-02
4.08081e+03	6.60713e-01	1.92443e-03	2.48430e-02	2.73286e-01	3.92341e-02
4.27980e+03	6.53350e-01	3.72358e-03	1.43104e-02	2.95149e-01	3.34666e-02
4.47879e+03	6.47745e-01	6.80545e-03	8.24274e-03	3.08945e-01	2.82620e-02
4.67778e+03	6.42140e-01	1.18210e-02	4.82935e-03	3.17376e-01	2.38342e-02
4.87677e+03	6.35079e-01	1.96144e-02	2.89986e-03	3.22258e-01	2.01496e-02
5.07576e+03	6.25291e-01	3.12212e-02	1.78764e-03	3.24610e-01	1.70907e-02
5.27475e+03	6.11575e-01	4.78356e-02	1.12980e-03	3.24929e-01	1.45309e-02
5.47374e+03	5.92767e-01	7.07328e-02	7.29975e-04	3.23409e-01	1.23607e-02
5.67273e+03	5.67804e-01	1.01133e-01	4.80510e-04	3.20088e-01	1.04943e-02
5.87172e+03	5.35859e-01	1.40002e-01	3.21123e-04	3.14950e-01	8.86826e-03
6.07071e+03	4.96545e-01	1.87790e-01	2.17201e-04	3.08009e-01	7.43859e-03
6.26970e+03	4.50141e-01	2.44149e-01	1.48339e-04	2.99384e-01	6.17733e-03
6.46869e+03	3.97790e-01	3.07690e-01	1.02174e-04	2.89349e-01	5.06867e-03
6.66768e+03	3.41566e-01	3.75899e-01	7.10018e-05	2.78359e-01	4.10480e-03
6.86667e+03	2.84328e-01	4.45314e-01	4.98779e-05	2.67027e-01	3.28140e-03
7.06566e+03	2.29288e-01	5.12045e-01	3.55395e-05	2.56038e-01	2.59348e-03
7.26465e+03	1.79382e-01	5.72541e-01	2.57850e-05	2.46018e-01	2.03246e-03
7.46364e+03	1.36656e-01	6.24329e-01	1.91118e-05	2.37411e-01	1.58520e-03
7.66263e+03	1.01941e-01	6.66403e-01	1.44963e-05	2.30406e-01	1.23519e-03
7.86162e+03	7.49504e-02	6.99116e-01	1.12499e-05	2.24957e-01	9.64770e-04
8.06061e+03	5.46625e-02	7.23706e-01	8.91739e-06	2.20865e-01	7.57253e-04
8.25960e+03	3.97649e-02	7.41765e-01	7.20164e-06	2.17865e-01	5.98278e-04
8.45859e+03	2.89786e-02	7.54841e-01	5.90975e-06	2.15699e-01	4.76232e-04
8.65758e+03	2.12207e-02	7.64247e-01	4.91577e-06	2.14146e-01	3.82101e-04
8.85657e+03	1.56472e-02	7.71005e-01	4.13630e-06	2.13034e-01	3.09047e-04
9.05556e+03	1.16319e-02	7.75875e-01	3.51495e-06	2.12237e-01	2.51951e-04
9.25455e+03	8.72368e-03	7.79403e-01	3.01265e-06	2.11663e-01	2.06992e-04
9.45354e+03	6.60264e-03	7.81977e-01	2.60170e-06	2.11247e-01	1.71323e-04
9.65253e+03	5.04339e-03	7.83869e-01	2.26200e-06	2.10942e-01	1.42811e-04
9.85152e+03	3.88744e-03	7.85273e-01	1.97866e-06	2.10718e-01	1.19853e-04
1.00505e+04	3.02305e-03	7.86322e-01	1.74043e-06	2.10552e-01	1.01237e-04
1.02495e+04	2.37110e-03	7.87114e-01	1.53869e-06	2.10427e-01	8.60388e-05
1.04485e+04	1.87518e-03	7.87717e-01	1.36675e-06	2.10333e-01	7.35494e-05
1.06475e+04	1.49480e-03	7.88179e-01	1.21933e-06	2.10262e-01	6.32221e-05
1.08465e+04	1.20069e-03	7.88537e-01	1.09226e-06	2.10207e-01	5.46316e-05
1.10455e+04	9.71512e-04	7.88815e-01	9.82157e-07	2.10165e-01	4.74451e-05
1.12444e+04	7.91590e-04	7.89034e-01	8.86317e-07	2.10132e-01	4.14004e-05
1.14434e+04	6.49319e-04	7.89207e-01	8.02521e-07	2.10106e-01	3.62895e-05
1.16424e+04	5.36041e-04	7.89345e-01	7.28951e-07	2.10086e-01	3.19469e-05
1.18414e+04	4.45247e-04	7.89456e-01	6.64105e-07	2.10070e-01	2.82395e-05
1.20404e+04	3.72011e-04	7.89545e-01	6.06737e-07	2.10057e-01	2.50601e-05
1.22394e+04	3.12576e-04	7.89618e-01	5.55807e-07	2.10047e-01	2.23215e-05
1.24384e+04	2.64058e-04	7.89677e-01	5.10442e-07	2.10039e-01	1.99530e-05
1.26374e+04	2.24228e-04	7.89725e-01	4.69906e-07	2.10032e-01	1.78963e-05
1.28364e+04	1.91354e-04	7.89765e-01	4.33575e-07	2.10027e-01	1.61037e-05
1.30354e+04	1.64080e-04	7.89799e-01	4.00919e-07	2.10022e-01	1.45354e-05
1.32343e+04	1.41339e-04	7.89827e-01	3.71487e-07	2.10019e-01	1.31587e-05
1.34333e+04	1.22286e-04	7.89850e-01	3.44891e-07	2.10016e-01	1.19460e-05
1.36323e+04	1.06249e-04	7.89869e-01	3.20797e-07	2.10013e-01	1.08743e-05
1.38313e+04	9.26912e-05	7.89886e-01	2.98918e-07	2.10011e-01	9.92439e-06
1.40303e+04	8.11799e-05	7.89900e-01	2.79005e-07	2.10009e-01	9.07984e-06
1.42293e+04	7.13657e-05	7.89912e-01	2.60840e-07	2.10008e-01	8.32683e-06
1.44283e+04	6.29651e-05	7.89922e-01	2.44237e-07	2.10007e-01	7.65359e-06
1.46273e+04	5.57469e-05	7.89931e-01	2.29029e-07	2.10006e-01	7.05005e-06
1.48263e+04	4.95217e-05	7.89939e-01	2.15073e-07	2.10005e-01	6.50763e-06
1.50253e+04	4.41337e-05	7.89945e-01	2.02241e-07	2.10004e-01	6.01893e-06
1.52242e+04	3.94541e-05	7.89951e-01	1.90423e-07	2.10004e-01	5.57759e-06
1.54232e+04	3.53762e-05	7.89956e-01	1.79519e-07	2.10003e-01	5.17809e-06
1.56222e+04	3.18112e-05	7.89961e-01	1.69442e-07	2.10003e-01	4.81569e-06
1.58212e+04	2.86849e-05	7.89964e-01	1.60114e-07	2.10002e-01	4.48622e-06
1.60202e+04	2.59350e-05	7.89968e-01	1.51467e-07	2.10002e-01	4.18609e-06
1.62192e+04	2.35090e-05	7.89971e-01	1.43439e-07	2.10002e-01	3.91213e-06
1.64182e+04	2.13629e-05	7.89973e-01	1.35974e-07	2.10001e-01	3.66158e-06
1.66172e+04	1.94590e-05	7.89976e-01	1.29025e-07	2.10001e-01	3.43202e-06
1.68162e+04	1.77656e-05	7.89978e-01	1.22547e-07	2.10001e-01	3.22132e-06
1.70152e+04	1.62556e-05	7.89980e-01	1.16499e-07	2.10001e-01	3.02758e-06
1.72141e+04	1.49057e-05	7.89981e-01	1.10848e-07	2.10001e-01	2.84915e-06
1.74131e+04	1.36960e-05	7.89983e-01	1.05560e-07	2.10001e-01	2.68454e-06
1.76121e+04	1.26095e-05	7.89984e-01	1.00606e-07	2.10000e-01	2.53246e-06
1.78111e+04	1.16314e-05	7.89985e-01	9.59598e-08	2.10000e-01	2.39173e-06
1.80101e+04	1.07489e-05	7.89987e-01	9.15982e-08	2.10000e-01	2.26131e-06
1.82091e+04	9.95098e-06	7.89988e-01	8.74992e-08	2.10000e-01	2.14028e-06
1.84081e+04	9.22807e-06	7.89988e-01	8.36430e-08	2.10000e-01	2.02781e-06
1.86071e+04	8.57179e-06	7.89989e-01	8.00119e-08	2.10000e-01	1.92316e-06
1.88061e+04	7.97485e-06	7.89990e-01	7.65893e-08	2.10000e-01	1.82564e-06
1.90051e+04	7.43086e-06	7.89991e-01	7.33604e-08	2.10000e-01	1.73467e-06
1.92040e+04	6.93421e-06	7.89991e-01	7.03116e-08	2.10000e-01	1.64970e-06
1.94030e+04	6.47999e-06	7.89992e-01	6.74302e-08	2.10000e-01	1.57025e-06
1.96020e+04	6.06387e-06	7.89992e-01	6.47049e-08	2.10000e-01	1.49586e-06
1.98010e+04	5.68201e-06	7.89993e-01	6.21251e-08	2.10000e-01	1.42614e-06
2.00000e+04	5.33103e-06	7.89993e-01	5.96811e-08	2.10000e-01	1.36073e-06
