3.00000e+02	7.80000e-01	4.03897e-33	1.81218e-33	1.03155e-33	2.10000e-01	7.46614e-34	2.87420e-34	9.01481e-203	2.30066e-16	4.93206e-34	1.00000e-02	7.07665e-207	1.04890e-60
4.98990e+02	7.80000e-01	8.07794e-33	3.21543e-34	9.54425e-34	2.10000e-01	4.70393e-24	1.51121e-33	5.27083e-35	5.02855e-10	2.18600e-33	1.00000e-02	9.34516e-126	1.08020e-35
6.97980e+02	7.80000e-01	8.07794e-32	6.02674e-32	6.89270e-32	2.10000e-01	1.44977e-16	8.64537e-33	4.95922e-79	2.67621e-07	2.02381e-35	1.00000e-02	9.41491e-80	6.03932e-36
8.96970e+02	7.79996e-01	3.62717e-25	1.14587e-32	1.75500e-32	2.09996e-01	2.20248e-12	9.36663e-33	1.00928e-59	8.80205e-06	5.34279e-29	9.99994e-03	3.58137e-61	5.34083e-29
1.09596e+03	7.79960e-01	3.95872e-20	7.81113e-32	6.34128e-32	2.09959e-01	1.03300e-09	6.57196e-33	2.92578e-48	8.14920e-05	1.09209e-23	9.99948e-03	3.53890e-50	1.09209e-23
1.29495e+03	7.79811e-01	1.23979e-16	2.40870e-20	1.01491e-19	2.09810e-01	7.39609e-08	3.48252e-20	6.94958e-25	3.80815e-04	2.24048e-20	9.99758e-03	1.22031e-35	1.82809e-19
1.49394e+03	7.79415e-01	4.58950e-14	2.11677e-32	1.37212e-32	2.09411e-01	1.70827e-06	7.65101e-24	4.57402e-32	1.17957e-03	2.82323e-17	9.99251e-03	6.27795e-37	2.82323e-17
1.69293e+03	7.78608e-01	4.25647e-12	1.58328e-30	8.07794e-32	2.08594e-01	1.89301e-05	5.21525e-21	5.87640e-30	2.79709e-03	3.45802e-15	9.98215e-03	1.26638e-32	3.45802e-15
1.89192e+03	7.77219e-01	1.52866e-10	3.45160e-27	2.82728e-32	2.07172e-01	1.26677e-04	9.12339e-19	2.09760e-26	5.51802e-03	1.56172e-13	9.96435e-03	3.23421e-29	1.56173e-13
2.09091e+03	7.75052e-01	2.78469e-09	1.79188e-24	2.13258e-30	2.04890e-01	5.90193e-04	6.02091e-17	1.60108e-23	9.53092e-03	3.45046e-12	9.93656e-03	1.88331e-26	3.45052e-12
2.28990e+03	7.71811e-01	3.06869e-08	3.18007e-22	2.50769e-27	2.01305e-01	2.09936e-03	1.92567e-15	3.89809e-21	1.48889e-02	4.48418e-11	9.89502e-03	3.67255e-24	4.48437e-11
2.48889e+03	7.67007e-01	2.30590e-07	2.49662e-20	9.71601e-25	1.95625e-01	6.06242e-03	3.53284e-14	3.97205e-19	2.14722e-02	3.88310e-10	9.83342e-03	3.11704e-22	3.88345e-10
2.68788e+03	7.59903e-01	1.28515e-06	1.04042e-18	1.58011e-22	1.86615e-01	1.48082e-02	4.17325e-13	2.04926e-17	2.89306e-02	2.44339e-09	9.74235e-03	1.38596e-20	2.44381e-09
2.88687e+03	7.49617e-01	5.64485e-06	2.62931e-17	1.29425e-20	1.72732e-01	3.14233e-02	3.43624e-12	6.13683e-16	3.66115e-02	1.18766e-08	9.61051e-03	3.69700e-19	1.18800e-08
3.08586e+03	7.35476e-01	2.04396e-05	4.45597e-16	6.12396e-19	1.52675e-01	5.88737e-02	2.08052e-11	1.17856e-14	4.35258e-02	4.65802e-08	9.42931e-03	6.55392e-18	4.66010e-08
3.28485e+03	7.17642e-01	6.31532e-05	5.47829e-15	1.86105e-17	1.26394e-01	9.82364e-02	9.59227e-11	1.56241e-13	4.84624e-02	1.52119e-07	9.20095e-03	8.36483e-17	1.52215e-07
3.48384e+03	6.97725e-01	1.71166e-04	5.20469e-14	3.94823e-16	9.61449e-02	1.46654e-01	3.44728e-10	1.51112e-12	5.03577e-02	4.23594e-07	8.94629e-03	8.19712e-16	4.23940e-07
3.68283e+03	6.78636e-01	4.16384e-04	4.01910e-13	6.24093e-15	6.64412e-02	1.96949e-01	9.85676e-10	1.11388e-11	4.88523e-02	1.02630e-06	8.70313e-03	6.49343e-15	1.02730e-06
3.88182e+03	6.63177e-01	9.26379e-04	2.61812e-12	7.71359e-14	4.19719e-02	2.40792e-01	2.30473e-09	6.50212e-11	4.46203e-02	2.20758e-06	8.50820e-03	4.31926e-14	2.20995e-06
4.08081e+03	6.52320e-01	1.91217e-03	1.47280e-11	7.70597e-13	2.48802e-02	2.73491e-01	4.57944e-09	3.11759e-10	3.90133e-02	4.30574e-06	8.37533e-03	2.47161e-13	4.31065e-06
4.27980e+03	6.45041e-01	3.69983e-03	7.25271e-11	6.36687e-12	1.43294e-02	2.95345e-01	8.06444e-09	1.27003e-09	3.32752e-02	7.76790e-06	8.29348e-03	1.23435e-12	7.77732e-06
4.47879e+03	6.39500e-01	6.76200e-03	3.15756e-10	4.43146e-11	8.25208e-03	3.09120e-01	1.30364e-08	4.52183e-09	2.80975e-02	1.31710e-05	8.24206e-03	5.43793e-12	1.31889e-05
4.67778e+03	6.33956e-01	1.17455e-02	1.22700e-09	2.64245e-10	4.83392e-03	3.17526e-01	1.98185e-08	1.43820e-08	2.36930e-02	2.12305e-05	8.20294e-03	2.13554e-11	2.12662e-05
4.87677e+03	6.26970e-01	1.94888e-02	4.29684e-09	1.37135e-09	2.90210e-03	3.22382e-01	2.87676e-08	4.15475e-08	2.00283e-02	3.27899e-05	8.16301e-03	7.55592e-11	3.28660e-05
5.07576e+03	6.17284e-01	3.10206e-02	1.36839e-08	6.28355e-09	1.78874e-03	3.24709e-01	4.02431e-08	1.10425e-07	1.69862e-02	4.87851e-05	8.11275e-03	2.43356e-10	4.89559e-05
5.27475e+03	6.03711e-01	4.75270e-02	3.99504e-08	2.57454e-08	1.13033e-03	3.25006e-01	5.45702e-08	2.72787e-07	1.44406e-02	7.01768e-05	8.04454e-03	7.20269e-10	7.05706e-05
5.47374e+03	5.85099e-01	7.02738e-02	1.07647e-07	9.53698e-08	7.30225e-04	3.23465e-01	7.19945e-08	6.31566e-07	1.22826e-02	9.78396e-05	7.95174e-03	1.97568e-09	9.87482e-05
5.67273e+03	5.60399e-01	1.00472e-01	2.69121e-07	3.22379e-07	4.80619e-04	3.20124e-01	9.26280e-08	1.37977e-06	1.04268e-02	1.32393e-04	7.82865e-03	5.05946e-09	1.34462e-04
5.87172e+03	5.28795e-01	1.39076e-01	6.26565e-07	1.00193e-06	3.21163e-04	3.14969e-01	1.16383e-07	2.86008e-06	8.81017e-03	1.73961e-04	7.67094e-03	1.21716e-08	1.78578e-04
6.07071e+03	4.89907e-01	1.86531e-01	1.36116e-06	2.87919e-06	2.17210e-04	3.08016e-01	1.42892e-07	5.64881e-06	7.38886e-03	2.21844e-04	7.47658e-03	2.76439e-08	2.31904e-04
6.26970e+03	4.44016e-01	2.42482e-01	2.75912e-06	7.67719e-06	1.48336e-04	2.99381e-01	1.71403e-07	1.06599e-05	6.13509e-03	2.74110e-04	7.24691e-03	5.94815e-08	2.95438e-04
6.46869e+03	3.92253e-01	3.05541e-01	5.20688e-06	1.90154e-05	1.02168e-04	2.89341e-01	2.00668e-07	1.92421e-05	5.03314e-03	3.27173e-04	6.98755e-03	1.21471e-07	3.70959e-04
6.66768e+03	3.36673e-01	3.73197e-01	9.10824e-06	4.36888e-05	7.09974e-05	2.78350e-01	2.28859e-07	3.32016e-05	4.07517e-03	3.75593e-04	6.70878e-03	2.35426e-07	4.62056e-04
6.86667e+03	2.80104e-01	4.41994e-01	1.46865e-05	9.28093e-05	4.98752e-05	2.67020e-01	2.53700e-07	5.46504e-05	3.25685e-03	4.12652e-04	6.42472e-03	4.32407e-07	5.75484e-04
7.06566e+03	2.25720e-01	5.08045e-01	2.17318e-05	1.81740e-04	3.55373e-05	2.56030e-01	2.73020e-07	8.56568e-05	2.57315e-03	4.32238e-04	6.15124e-03	7.51656e-07	7.22392e-04
7.26465e+03	1.76422e-01	5.67797e-01	2.95067e-05	3.28110e-04	2.57812e-05	2.46000e-01	2.85692e-07	1.27923e-04	2.01547e-03	4.31617e-04	5.90278e-03	1.23801e-06	9.18681e-04
7.46364e+03	1.34229e-01	6.18760e-01	3.69999e-05	5.49130e-04	1.91040e-05	2.37363e-01	2.92244e-07	1.82871e-04	1.57074e-03	4.12991e-04	5.68935e-03	1.94171e-06	1.18423e-03
7.66263e+03	9.99632e-02	6.59907e-01	4.33736e-05	8.60683e-04	1.44822e-05	2.30294e-01	2.94491e-07	2.52158e-04	1.22256e-03	3.82180e-04	5.51490e-03	2.92342e-06	1.54161e-03
7.86162e+03	7.33375e-02	6.91553e-01	4.82366e-05	1.27881e-03	1.12278e-05	2.24736e-01	2.94510e-07	3.38156e-04	9.53396e-04	3.45636e-04	5.37781e-03	4.26173e-06	2.01540e-03
8.06061e+03	5.33390e-02	7.14892e-01	5.16078e-05	1.82189e-03	8.88607e-06	2.20477e-01	2.93863e-07	4.44081e-04	7.46715e-04	3.08282e-04	5.27275e-03	6.05876e-06	2.63221e-03
8.25960e+03	3.86678e-02	7.31461e-01	5.37285e-05	2.51199e-03	7.16038e-06	2.17240e-01	2.93420e-07	5.73858e-04	5.88275e-04	2.73004e-04	5.19294e-03	8.44308e-06	3.42132e-03
8.45859e+03	2.80578e-02	7.42751e-01	5.48965e-05	3.37533e-03	5.85823e-06	2.14756e-01	2.93528e-07	7.31955e-04	4.66558e-04	2.41101e-04	5.13171e-03	1.15713e-05	4.41515e-03
8.65758e+03	2.04373e-02	7.50008e-01	5.53786e-05	4.44210e-03	4.85392e-06	2.12794e-01	2.94239e-07	9.23283e-04	3.72616e-04	2.12919e-04	5.08332e-03	1.56295e-05	5.64960e-03
8.85657e+03	1.49718e-02	7.54183e-01	5.53808e-05	5.74616e-03	4.06421e-06	2.11170e-01	2.95472e-07	1.15315e-03	2.99658e-04	1.88314e-04	5.04316e-03	2.08357e-05	7.16413e-03
9.05556e+03	1.10424e-02	7.55959e-01	5.50502e-05	7.32469e-03	3.43275e-06	2.09741e-01	2.97101e-07	1.42725e-03	2.42596e-04	1.66936e-04	5.00768e-03	2.74410e-05	9.00166e-03
9.25455e+03	8.20337e-03	7.55803e-01	5.44863e-05	9.21775e-03	2.92055e-06	2.08403e-01	2.98992e-07	1.75166e-03	1.97632e-04	1.48378e-04	4.97412e-03	3.57318e-05	1.12083e-02
9.45354e+03	6.13892e-03	7.54017e-01	5.37536e-05	1.14678e-02	2.49992e-06	2.07073e-01	3.01022e-07	2.13280e-03	1.61933e-04	1.32242e-04	4.94032e-03	4.60306e-05	1.38329e-02
9.65253e+03	4.62670e-03	7.50789e-01	5.28927e-05	1.41192e-02	2.15077e-06	2.05691e-01	3.03079e-07	2.57745e-03	1.33379e-04	1.18171e-04	4.90456e-03	5.86958e-05	1.69267e-02
9.85152e+03	3.51042e-03	7.46223e-01	5.19275e-05	1.72175e-02	1.85823e-06	2.04205e-01	3.05058e-07	3.09267e-03	1.10373e-04	1.05853e-04	4.86540e-03	7.41209e-05	2.05424e-02
1.00505e+04	2.68000e-03	7.40363e-01	5.08708e-05	2.08086e-02	1.61106e-06	2.02575e-01	3.06866e-07	3.68580e-03	9.17090e-05	9.50242e-05	4.82159e-03	9.27316e-05	2.47333e-02
1.02495e+04	2.05751e-03	7.33219e-01	4.97289e-05	2.49380e-02	1.40067e-06	2.00768e-01	3.08412e-07	4.36435e-03	7.64685e-05	8.54605e-05	4.77202e-03	1.14981e-04	2.95528e-02
1.04485e+04	1.58747e-03	7.24774e-01	4.85033e-05	2.96496e-02	1.22039e-06	1.98753e-01	3.09609e-07	5.13593e-03	6.39465e-05	7.69759e-05	4.71568e-03	1.41343e-04	3.50527e-02
1.06475e+04	1.23010e-03	7.14995e-01	4.71937e-05	3.49846e-02	1.06499e-06	1.96505e-01	3.10375e-07	6.00821e-03	5.35994e-05	6.94147e-05	4.65163e-03	1.72305e-04	4.12821e-02
1.08465e+04	9.56627e-04	7.03846e-01	4.57981e-05	4.09803e-02	9.30323e-07	1.94000e-01	3.10628e-07	6.98875e-03	4.50044e-05	6.26468e-05	4.57903e-03	2.08350e-04	4.82861e-02
1.10455e+04	7.46135e-04	6.91290e-01	4.43151e-05	4.76683e-02	8.13067e-07	1.91220e-01	3.10289e-07	8.08495e-03	3.78311e-05	5.65640e-05	4.49709e-03	2.49951e-04	5.61044e-02
1.12444e+04	5.83262e-04	6.77294e-01	4.27438e-05	5.50736e-02	7.10555e-07	1.88147e-01	3.09283e-07	9.30385e-03	3.18192e-05	5.10758e-05	4.40515e-03	2.97542e-04	6.47691e-02
1.14434e+04	4.56647e-04	6.61839e-01	4.10845e-05	6.32126e-02	6.20622e-07	1.84767e-01	3.07542e-07	1.06521e-02	2.67626e-05	4.61066e-05	4.30264e-03	3.51508e-04	7.43037e-02
1.16424e+04	3.57826e-04	6.44917e-01	3.93397e-05	7.20921e-02	5.41502e-07	1.81071e-01	3.05002e-07	1.21356e-02	2.24966e-05	4.15935e-05	4.18915e-03	4.12151e-04	8.47211e-02
1.18414e+04	2.80442e-04	6.26541e-01	3.75138e-05	8.17075e-02	4.71743e-07	1.77051e-01	3.01606e-07	1.37596e-02	1.88892e-05	3.74838e-05	4.06446e-03	4.79671e-04	9.60220e-02
1.20404e+04	2.19690e-04	6.06743e-01	3.56136e-05	9.20415e-02	4.10146e-07	1.72706e-01	2.97311e-07	1.55283e-02	1.58336e-05	3.37333e-05	3.92852e-03	5.54137e-04	1.08194e-01
1.22394e+04	1.71907e-04	5.85580e-01	3.36484e-05	1.03063e-01	3.55713e-07	1.68037e-01	2.92084e-07	1.74449e-02	1.32428e-05	3.03052e-05	3.78156e-03	6.35460e-04	1.21208e-01
1.24384e+04	1.34284e-04	5.63135e-01	3.16300e-05	1.14728e-01	3.07605e-07	1.63051e-01	2.85904e-07	1.95113e-02	1.10457e-05	2.71686e-05	3.62404e-03	7.23371e-04	1.35022e-01
1.26374e+04	1.04652e-04	5.39518e-01	2.95725e-05	1.26977e-01	2.65113e-07	1.57760e-01	2.78769e-07	2.17277e-02	9.18342e-06	2.42977e-05	3.45672e-03	8.17402e-04	1.49576e-01
1.28364e+04	8.13249e-05	5.14862e-01	2.74920e-05	1.39734e-01	2.27633e-07	1.52181e-01	2.70692e-07	2.40928e-02	7.60683e-06	2.16705e-05	3.28065e-03	9.16872e-04	1.64794e-01
1.30354e+04	6.29836e-05	4.89331e-01	2.54063e-05	1.52914e-01	1.94640e-07	1.46336e-01	2.61705e-07	2.66035e-02	6.27481e-06	1.92684e-05	3.09719e-03	1.02089e-03	1.80583e-01
1.32343e+04	4.85916e-05	4.63108e-01	2.33342e-05	1.66415e-01	1.65676e-07	1.40254e-01	2.51857e-07	2.92545e-02	5.15251e-06	1.70756e-05	2.90794e-03	1.12838e-03	1.96838e-01
1.34333e+04	3.73294e-05	4.36398e-01	2.12951e-05	1.80127e-01	1.40335e-07	1.33966e-01	2.41217e-07	3.20384e-02	4.21018e-06	1.50781e-05	2.71477e-03	1.23807e-03	2.13440e-01
1.36323e+04	2.85465e-05	4.09420e-01	1.93082e-05	1.93933e-01	1.18254e-07	1.27509e-01	2.29871e-07	3.49454e-02	3.42223e-06	1.32636e-05	2.51970e-03	1.34856e-03	2.30260e-01
1.38313e+04	2.17250e-05	3.82406e-01	1.73916e-05	2.07709e-01	9.91035e-08	1.20923e-01	2.17921e-07	3.79636e-02	2.76651e-06	1.16209e-05	2.32488e-03	1.45841e-03	2.47161e-01
1.40303e+04	1.64512e-05	3.55587e-01	1.55619e-05	2.21333e-01	8.25805e-08	1.14254e-01	2.05484e-07	4.10783e-02	2.22375e-06	1.01394e-05	2.13249e-03	1.56613e-03	2.64004e-01
1.42293e+04	1.23946e-05	3.29193e-01	1.38335e-05	2.34685e-01	6.84065e-08	1.07547e-01	1.92687e-07	4.42726e-02	1.77711e-06	8.80923e-06	1.94464e-03	1.67030e-03	2.80651e-01
1.44283e+04	9.29146e-06	3.03443e-01	1.22179e-05	2.47651e-01	5.63229e-08	1.00849e-01	1.79668e-07	4.75270e-02	1.41187e-06	7.62070e-06	1.76329e-03	1.76963e-03	2.96967e-01
1.46273e+04	6.93111e-06	2.78535e-01	1.07236e-05	2.60128e-01	4.60895e-08	9.42079e-02	1.66567e-07	5.08204e-02	1.11517e-06	6.56421e-06	1.59016e-03	1.86303e-03	3.12829e-01
1.48263e+04	5.14624e-06	2.54648e-01	9.35575e-06	2.72030e-01	3.74832e-08	8.76708e-02	1.53527e-07	5.41297e-02	8.75782e-07	5.63023e-06	1.42668e-03	1.94964e-03	3.28124e-01
1.50253e+04	3.80442e-06	2.31930e-01	8.11628e-06	2.83282e-01	3.02975e-08	8.12823e-02	1.40685e-07	5.74306e-02	6.83985e-07	4.80924e-06	1.27394e-03	2.02886e-03	3.42755e-01
1.52242e+04	2.80140e-06	2.10495e-01	7.00406e-06	2.93833e-01	2.43420e-08	7.50836e-02	1.28174e-07	6.06985e-02	5.31382e-07	4.09174e-06	1.13264e-03	2.10035e-03	3.56643e-01
1.54232e+04	2.05573e-06	1.90428e-01	6.01526e-06	3.03645e-01	1.94432e-08	6.91121e-02	1.16111e-07	6.39087e-02	4.10796e-07	3.46831e-06	1.00318e-03	2.16406e-03	3.69727e-01
1.56222e+04	1.50418e-06	1.71777e-01	5.14385e-06	3.12702e-01	1.54436e-08	6.33999e-02	1.04601e-07	6.70376e-02	3.16141e-07	2.92974e-06	8.85573e-04	2.22015e-03	3.81968e-01
1.58212e+04	1.09807e-06	1.54560e-01	4.38210e-06	3.21003e-01	1.22023e-08	5.79734e-02	9.37283e-08	7.00636e-02	2.42312e-07	2.46706e-06	7.79592e-04	2.26896e-03	3.93343e-01
1.60202e+04	8.00270e-07	1.38767e-01	3.72113e-06	3.28563e-01	9.59423e-09	5.28530e-02	8.35590e-08	7.29672e-02	1.85067e-07	2.07170e-06	6.84762e-04	2.31100e-03	4.03847e-01
1.62192e+04	5.82623e-07	1.24362e-01	3.15141e-06	3.35408e-01	7.51019e-09	4.80524e-02	7.41375e-08	7.57323e-02	1.40923e-07	1.73555e-06	6.00437e-04	2.34686e-03	4.13492e-01
1.64182e+04	4.23992e-07	1.11291e-01	2.66324e-06	3.41574e-01	5.85566e-09	4.35794e-02	6.54876e-08	7.83462e-02	1.07048e-07	1.45107e-06	5.25857e-04	2.37717e-03	4.22301e-01
1.66172e+04	3.08610e-07	9.94852e-02	2.24707e-06	3.47103e-01	4.55000e-09	3.94358e-02	5.76140e-08	8.07999e-02	8.11640e-08	1.21133e-06	4.60196e-04	2.40258e-03	4.30309e-01
1.68162e+04	2.24799e-07	8.88632e-02	1.89384e-06	3.52043e-01	3.52530e-09	3.56179e-02	5.05041e-08	8.30879e-02	6.14593e-08	1.01003e-06	4.02603e-04	2.42375e-03	4.37558e-01
1.70152e+04	1.63962e-07	7.93388e-02	1.59509e-06	3.56443e-01	2.72502e-09	3.21177e-02	4.41312e-08	8.52085e-02	4.65038e-08	8.41567e-07	3.52238e-04	2.44126e-03	4.44096e-01
1.72141e+04	1.19802e-07	7.08227e-02	1.34316e-06	3.60352e-01	2.10268e-09	2.89230e-02	3.84572e-08	8.71627e-02	3.51799e-08	7.00954e-07	3.08297e-04	2.45566e-03	4.49973e-01
1.74131e+04	8.77303e-08	6.32259e-02	1.13120e-06	3.63819e-01	1.62047e-09	2.60191e-02	3.34358e-08	8.89546e-02	2.66207e-08	5.83846e-07	2.70024e-04	2.46746e-03	4.55242e-01
1.76121e+04	6.44118e-08	5.64614e-02	9.53151e-07	3.66888e-01	1.24793e-09	2.33886e-02	2.90159e-08	9.05901e-02	2.01586e-08	4.86478e-07	2.36726e-04	2.47706e-03	4.59957e-01
1.78111e+04	4.74302e-08	5.04465e-02	8.03758e-07	3.69603e-01	9.60814e-10	2.10133e-02	2.51435e-08	9.20770e-02	1.52826e-08	4.05621e-07	2.07775e-04	2.48486e-03	4.64166e-01
1.80101e+04	3.50381e-08	4.51033e-02	6.78487e-07	3.72004e-01	7.39908e-10	1.88741e-02	2.17644e-08	9.34241e-02	1.16037e-08	3.38526e-07	1.82608e-04	2.49116e-03	4.67920e-01
1.82091e+04	2.59732e-08	4.03599e-02	5.73462e-07	3.74126e-01	5.70144e-10	1.69516e-02	1.88259e-08	9.46408e-02	8.82657e-09	2.82868e-07	1.60727e-04	2.49624e-03	4.71264e-01
1.84081e+04	1.93238e-08	3.61503e-02	4.85395e-07	3.76002e-01	4.39764e-10	1.52270e-02	1.62777e-08	9.57372e-02	6.72843e-09	2.36697e-07	1.41694e-04	2.50032e-03	4.74241e-01
1.86071e+04	1.44314e-08	3.24145e-02	4.11509e-07	3.77662e-01	3.39645e-10	1.36822e-02	1.40729e-08	9.67231e-02	5.14124e-09	1.98380e-07	1.25126e-04	2.50357e-03	4.76889e-01
1.88061e+04	1.08199e-08	2.90986e-02	3.49470e-07	3.79131e-01	2.62740e-10	1.22998e-02	1.21686e-08	9.76081e-02	3.93863e-09	1.66560e-07	1.10690e-04	2.50617e-03	4.79245e-01
1.90051e+04	8.14469e-09	2.61541e-02	2.97326e-07	3.80432e-01	2.03625e-10	1.10638e-02	1.05262e-08	9.84016e-02	3.02566e-09	1.40109e-07	9.80969e-05	2.50823e-03	4.81342e-01
1.92040e+04	6.15588e-09	2.35380e-02	2.53443e-07	3.81585e-01	1.58137e-10	9.95917e-03	9.11079e-09	9.91125e-02	2.33107e-09	1.18095e-07	8.70972e-05	2.50985e-03	4.83208e-01
1.94030e+04	4.67180e-09	2.12118e-02	2.16461e-07	3.82609e-01	1.23087e-10	8.97220e-03	7.89176e-09	9.97488e-02	1.80137e-09	9.97488e-08	7.74757e-05	2.51112e-03	4.84869e-01
1.96020e+04	3.56012e-09	1.91417e-02	1.85246e-07	3.83519e-01	9.60361e-11	8.09036e-03	6.84211e-09	1.00318e-01	1.39636e-09	8.44345e-08	6.90468e-05	2.51211e-03	4.86349e-01
1.98010e+04	2.72415e-09	1.72977e-02	1.58855e-07	3.84328e-01	7.51193e-11	7.30233e-03	5.93827e-09	1.00828e-01	1.08585e-09	7.16296e-08	6.16509e-05	2.51288e-03	4.87669e-01
2.00000e+04	2.09304e-09	1.56533e-02	1.36504e-07	3.85049e-01	5.89125e-11	6.59788e-03	5.15976e-09	1.01284e-01	8.47112e-10	6.09034e-08	5.51506e-05	2.51346e-03	4.88847e-01
