3.00000e+02	7.90000e-01	1.02758e-10	7.82904e-26	8.41396e-26	2.10000e-01	2.14730e-41	5.84922e-27	4.60538e-132	2.31536e-16	3.16583e-34	3.83945e-139
4.98990e+02	7.90000e-01	1.19626e-20	8.04703e-32	7.74076e-32	2.10000e-01	4.70393e-24	1.07867e-33	4.24017e-91	5.06069e-10	1.98405e-33	5.20486e-71
6.97980e+02	7.90000e-01	8.07794e-33	5.50447e-32	5.00001e-32	2.10000e-01	1.44977e-16	1.52951e-34	5.76244e-82	2.69331e-07	1.34841e-41	5.19750e-33
8.96970e+02	7.89996e-01	3.65035e-25	1.43676e-32	1.33261e-32	2.09996e-01	2.20248e-12	1.54247e-33	1.00615e-59	8.85829e-06	5.35717e-29	5.35743e-29
1.09596e+03	7.89959e-01	5.01064e-19	2.07240e-20	1.07495e-20	2.09959e-01	1.03300e-09	1.90704e-21	1.82087e-46	8.20127e-05	1.10224e-22	3.34907e-20
1.29495e+03	7.89808e-01	1.24764e-16	3.51883e-32	8.65623e-33	2.09808e-01	7.39606e-08	1.54121e-27	2.66036e-40	3.83246e-04	5.40191e-20	5.40191e-20
1.49394e+03	7.89406e-01	4.61882e-14	8.38499e-32	7.82742e-32	2.09405e-01	1.70825e-06	7.62654e-24	1.90133e-34	1.18709e-03	2.83222e-17	2.83222e-17
1.69293e+03	7.88585e-01	4.28365e-12	1.50250e-30	8.07794e-33	2.08581e-01	1.89295e-05	5.19844e-21	5.85764e-30	2.81487e-03	3.46899e-15	3.46900e-15
1.89192e+03	7.87174e-01	1.53842e-10	3.48484e-27	1.61559e-32	2.07147e-01	1.26670e-04	9.09359e-19	2.09087e-26	5.55291e-03	1.56665e-13	1.56666e-13
2.09091e+03	7.84972e-01	2.80245e-09	1.80915e-24	2.14873e-30	2.04848e-01	5.90131e-04	6.00086e-17	1.59592e-23	9.59071e-03	3.46127e-12	3.46133e-12
2.28990e+03	7.81680e-01	3.08825e-08	3.21078e-22	2.51589e-27	2.01239e-01	2.09901e-03	1.91910e-15	3.88541e-21	1.49814e-02	4.49808e-11	4.49827e-11
2.48889e+03	7.76804e-01	2.32058e-07	2.52080e-20	9.74806e-25	1.95531e-01	6.06097e-03	3.52039e-14	3.95899e-19	2.16037e-02	3.89498e-10	3.89533e-10
2.68788e+03	7.69599e-01	1.29333e-06	1.05053e-18	1.58539e-22	1.86491e-01	1.48033e-02	4.15799e-13	2.04244e-17	2.91050e-02	2.45074e-09	2.45116e-09
2.88687e+03	7.59174e-01	5.68072e-06	2.65499e-17	1.29864e-20	1.72582e-01	3.14097e-02	3.42315e-12	6.11611e-16	3.68282e-02	1.19117e-08	1.19151e-08
3.08586e+03	7.44850e-01	2.05694e-05	4.49973e-16	6.14506e-19	1.52509e-01	5.88418e-02	2.07226e-11	1.17452e-14	4.37786e-02	4.67153e-08	4.67360e-08
3.28485e+03	7.26795e-01	6.35546e-05	5.53243e-15	1.86756e-17	1.26230e-01	9.81724e-02	9.55260e-11	1.55697e-13	4.87387e-02	1.52552e-07	1.52648e-07
3.48384e+03	7.06640e-01	1.72256e-04	5.25646e-14	3.96227e-16	9.60016e-02	1.46545e-01	3.43252e-10	1.50577e-12	5.06407e-02	4.24783e-07	4.25128e-07
3.68283e+03	6.87329e-01	4.19042e-04	4.05929e-13	6.26335e-15	6.63346e-02	1.96791e-01	9.81365e-10	1.10990e-11	4.91247e-02	1.02916e-06	1.03015e-06
3.88182e+03	6.71692e-01	9.32308e-04	2.64437e-12	7.74138e-14	4.19041e-02	2.40598e-01	2.29462e-09	6.47883e-11	4.48695e-02	2.21374e-06	2.21610e-06
4.08081e+03	6.60709e-01	1.92443e-03	1.48756e-11	7.73360e-13	2.48424e-02	2.73282e-01	4.55964e-09	3.10648e-10	3.92334e-02	4.31789e-06	4.32278e-06
4.27980e+03	6.53343e-01	3.72356e-03	7.32515e-11	6.38948e-12	1.43097e-02	2.95142e-01	8.03044e-09	1.26555e-09	3.34656e-02	7.79013e-06	7.79951e-06
4.47879e+03	6.47734e-01	6.80540e-03	3.18899e-10	4.44704e-11	8.24203e-03	3.08932e-01	1.29830e-08	4.50603e-09	2.82606e-02	1.32092e-05	1.32270e-05
4.67778e+03	6.42122e-01	1.18209e-02	1.23918e-09	2.65166e-10	4.82868e-03	3.17354e-01	1.97393e-08	1.43323e-08	2.38322e-02	2.12929e-05	2.13284e-05
4.87677e+03	6.35052e-01	1.96140e-02	4.33942e-09	1.37610e-09	2.89922e-03	3.22222e-01	2.86545e-08	4.14047e-08	2.01470e-02	3.28872e-05	3.29629e-05
5.07576e+03	6.25251e-01	3.12202e-02	1.38196e-08	6.30529e-09	1.78705e-03	3.24556e-01	4.00863e-08	1.10047e-07	1.70874e-02	4.89307e-05	4.91010e-05
5.27475e+03	6.11519e-01	4.78334e-02	4.03476e-08	2.58349e-08	1.12926e-03	3.24851e-01	5.43572e-08	2.71852e-07	1.45267e-02	7.03871e-05	7.07795e-05
5.47374e+03	5.92690e-01	7.07282e-02	1.08724e-07	9.57049e-08	7.29476e-04	3.23299e-01	7.17098e-08	6.29391e-07	1.23557e-02	9.81331e-05	9.90386e-05
5.67273e+03	5.67700e-01	1.01124e-01	2.71839e-07	3.23533e-07	4.80057e-04	3.19937e-01	9.22521e-08	1.37498e-06	1.04884e-02	1.32790e-04	1.34852e-04
5.87172e+03	5.35726e-01	1.39985e-01	6.32981e-07	1.00562e-06	3.20715e-04	3.14749e-01	1.15892e-07	2.85000e-06	8.86152e-03	1.74480e-04	1.79084e-04
6.07071e+03	4.96378e-01	1.87759e-01	1.37537e-06	2.89023e-06	2.16836e-04	3.07750e-01	1.42256e-07	5.62853e-06	7.43109e-03	2.22503e-04	2.32539e-04
6.26970e+03	4.49938e-01	2.44094e-01	2.78865e-06	7.70814e-06	1.48016e-04	2.99059e-01	1.70590e-07	1.06208e-05	6.16922e-03	2.74919e-04	2.96207e-04
6.46869e+03	3.97548e-01	3.07597e-01	5.26438e-06	1.90969e-05	1.01892e-04	2.88949e-01	1.99640e-07	1.91695e-05	5.06014e-03	3.28130e-04	3.71861e-04
6.66768e+03	3.41283e-01	3.75743e-01	9.21249e-06	4.38894e-05	7.07579e-05	2.77881e-01	2.27582e-07	3.30721e-05	4.09605e-03	3.76681e-04	4.63082e-04
6.86667e+03	2.84001e-01	4.45058e-01	1.48612e-05	9.32665e-05	4.96685e-05	2.66466e-01	2.52145e-07	5.44285e-05	3.27262e-03	4.13825e-04	5.76633e-04
7.06566e+03	2.28914e-01	5.11627e-01	2.20000e-05	1.82695e-04	3.53601e-05	2.55391e-01	2.71175e-07	8.52906e-05	2.58482e-03	4.33425e-04	7.23682e-04
7.26465e+03	1.78961e-01	5.71869e-01	2.98829e-05	3.29927e-04	2.56305e-05	2.45280e-01	2.83562e-07	1.27342e-04	2.02398e-03	4.32737e-04	9.20173e-04
7.46364e+03	1.36192e-01	6.23270e-01	3.74841e-05	5.52291e-04	1.89766e-05	2.36570e-01	2.89854e-07	1.81983e-04	1.57690e-03	4.13981e-04	1.18603e-03
7.66263e+03	1.01446e-01	6.64785e-01	4.39524e-05	8.65771e-04	1.43749e-05	2.29440e-01	2.91880e-07	2.50853e-04	1.22702e-03	3.83012e-04	1.54388e-03
7.86162e+03	7.44385e-02	6.96725e-01	4.88899e-05	1.28651e-03	1.11377e-05	2.23832e-01	2.91722e-07	3.36308e-04	9.56662e-04	3.46318e-04	2.01832e-03
8.06061e+03	5.41473e-02	7.20288e-01	5.23147e-05	1.83300e-03	8.81030e-06	2.19535e-01	2.90939e-07	4.41549e-04	7.49137e-04	3.08838e-04	2.63600e-03
8.25960e+03	3.92580e-02	7.37022e-01	5.44709e-05	2.52749e-03	7.09659e-06	2.16270e-01	2.90392e-07	5.70483e-04	5.90101e-04	2.73461e-04	3.42620e-03
8.45859e+03	2.84883e-02	7.48428e-01	5.56607e-05	3.39636e-03	5.80436e-06	2.13767e-01	2.90420e-07	7.27560e-04	4.67957e-04	2.41485e-04	4.42135e-03
8.65758e+03	2.07522e-02	7.55763e-01	5.61544e-05	4.47002e-03	4.80827e-06	2.11791e-01	2.91070e-07	9.17666e-04	3.73705e-04	2.13248e-04	5.65738e-03
8.85657e+03	1.52031e-02	7.59987e-01	5.61611e-05	5.78261e-03	4.02535e-06	2.10158e-01	2.92255e-07	1.14609e-03	3.00517e-04	1.88600e-04	7.17375e-03
9.05556e+03	1.12133e-02	7.61789e-01	5.58299e-05	7.37158e-03	3.39955e-06	2.08724e-01	2.93845e-07	1.41849e-03	2.43282e-04	1.67190e-04	9.01338e-03
9.25455e+03	8.33057e-03	7.61640e-01	5.52618e-05	9.27729e-03	2.89206e-06	2.07384e-01	2.95705e-07	1.74091e-03	1.98185e-04	1.48606e-04	1.12224e-02
9.45354e+03	6.23422e-03	7.59847e-01	5.45224e-05	1.15426e-02	2.47538e-06	2.06055e-01	2.97709e-07	2.11975e-03	1.62383e-04	1.32450e-04	1.38496e-02
9.65253e+03	4.69858e-03	7.56599e-01	5.36528e-05	1.42121e-02	2.12957e-06	2.04674e-01	2.99746e-07	2.56176e-03	1.33746e-04	1.18361e-04	1.69462e-02
9.85152e+03	3.56500e-03	7.52001e-01	5.26771e-05	1.73318e-02	1.83984e-06	2.03192e-01	3.01710e-07	3.07398e-03	1.10676e-04	1.06028e-04	2.05648e-02
1.00505e+04	2.72168e-03	7.46099e-01	5.16087e-05	2.09481e-02	1.59508e-06	2.01568e-01	3.03508e-07	3.66369e-03	9.19600e-05	9.51858e-05	2.47589e-02
1.02495e+04	2.08953e-03	7.38902e-01	5.04535e-05	2.51068e-02	1.38675e-06	1.99768e-01	3.05050e-07	4.33838e-03	7.66773e-05	8.56105e-05	2.95816e-02
1.04485e+04	1.61218e-03	7.30392e-01	4.92135e-05	2.98523e-02	1.20824e-06	1.97761e-01	3.06249e-07	5.10566e-03	6.41207e-05	7.71154e-05	3.50846e-02
1.06475e+04	1.24925e-03	7.20539e-01	4.78879e-05	3.52261e-02	1.05438e-06	1.95523e-01	3.07022e-07	5.97314e-03	5.37451e-05	6.95446e-05	4.13170e-02
1.08465e+04	9.71522e-04	7.09305e-01	4.64750e-05	4.12659e-02	9.21042e-07	1.93030e-01	3.07289e-07	6.94838e-03	4.51266e-05	6.27680e-05	4.83238e-02
1.10455e+04	7.57755e-04	6.96652e-01	4.49731e-05	4.80038e-02	8.04950e-07	1.90263e-01	3.06972e-07	8.03875e-03	3.79338e-05	5.66770e-05	5.61445e-02
1.12444e+04	5.92346e-04	6.82548e-01	4.33814e-05	5.54649e-02	7.03457e-07	1.87204e-01	3.05996e-07	9.25127e-03	3.19055e-05	5.11811e-05	6.48110e-02
1.14434e+04	4.63760e-04	6.66974e-01	4.17003e-05	6.36661e-02	6.14420e-07	1.83841e-01	3.04292e-07	1.05925e-02	2.68351e-05	4.62047e-05	7.43469e-02
1.16424e+04	3.63400e-04	6.49921e-01	3.99320e-05	7.26142e-02	5.36089e-07	1.80163e-01	3.01797e-07	1.20685e-02	2.25575e-05	4.16848e-05	8.47646e-02
1.18414e+04	2.84811e-04	6.31402e-01	3.80811e-05	8.23046e-02	4.67026e-07	1.76164e-01	2.98457e-07	1.36845e-02	1.89403e-05	3.75685e-05	9.60650e-02
1.20404e+04	2.23113e-04	6.11451e-01	3.61546e-05	9.27201e-02	4.06045e-07	1.71840e-01	2.94226e-07	1.54446e-02	1.58764e-05	3.38117e-05	1.08235e-01
1.22394e+04	1.74585e-04	5.90124e-01	3.41617e-05	1.03830e-01	3.52156e-07	1.67194e-01	2.89071e-07	1.73520e-02	1.32787e-05	3.03776e-05	1.21247e-01
1.24384e+04	1.36376e-04	5.67505e-01	3.21145e-05	1.15589e-01	3.04529e-07	1.62234e-01	2.82973e-07	1.94085e-02	1.10757e-05	2.72352e-05	1.35057e-01
1.26374e+04	1.06283e-04	5.43704e-01	3.00272e-05	1.27936e-01	2.62464e-07	1.56969e-01	2.75928e-07	2.16146e-02	9.20831e-06	2.43587e-05	1.49606e-01
1.28364e+04	8.25916e-05	5.18857e-01	2.79162e-05	1.40798e-01	2.25359e-07	1.51419e-01	2.67949e-07	2.39688e-02	7.62745e-06	2.17261e-05	1.64817e-01
1.30354e+04	6.39646e-05	4.93127e-01	2.57996e-05	1.54086e-01	1.92696e-07	1.45604e-01	2.59068e-07	2.64680e-02	6.29184e-06	1.93190e-05	1.80599e-01
1.32343e+04	4.93483e-05	4.66700e-01	2.36966e-05	1.67699e-01	1.64022e-07	1.39552e-01	2.49333e-07	2.91069e-02	5.16650e-06	1.71213e-05	1.96847e-01
1.34333e+04	3.79107e-05	4.39782e-01	2.16268e-05	1.81525e-01	1.38935e-07	1.33296e-01	2.38811e-07	3.18782e-02	4.22162e-06	1.51191e-05	2.13440e-01
1.36323e+04	2.89910e-05	4.12596e-01	1.96096e-05	1.95445e-01	1.17076e-07	1.26872e-01	2.27589e-07	3.47723e-02	3.43154e-06	1.33003e-05	2.30250e-01
1.38313e+04	2.20632e-05	3.85371e-01	1.76637e-05	2.09336e-01	9.81163e-08	1.20320e-01	2.15766e-07	3.77769e-02	2.77404e-06	1.16534e-05	2.47142e-01
1.40303e+04	1.67073e-05	3.58344e-01	1.58058e-05	2.23073e-01	8.17583e-08	1.13684e-01	2.03459e-07	4.08776e-02	2.22981e-06	1.01681e-05	2.63976e-01
1.42293e+04	1.25876e-05	3.31746e-01	1.40506e-05	2.36534e-01	6.77258e-08	1.07010e-01	1.90794e-07	4.40573e-02	1.78195e-06	8.83437e-06	2.80615e-01
1.44283e+04	9.43608e-06	3.05795e-01	1.24099e-05	2.49607e-01	5.57627e-08	1.00346e-01	1.77907e-07	4.72970e-02	1.41572e-06	7.64260e-06	2.96924e-01
1.46273e+04	7.03899e-06	2.80694e-01	1.08922e-05	2.62187e-01	4.56313e-08	9.37384e-02	1.64937e-07	5.05752e-02	1.11821e-06	6.58318e-06	3.12779e-01
1.48263e+04	5.22634e-06	2.56622e-01	9.50296e-06	2.74184e-01	3.71107e-08	8.72341e-02	1.52026e-07	5.38691e-02	8.78173e-07	5.64656e-06	3.28069e-01
1.50253e+04	3.86362e-06	2.33727e-01	8.24403e-06	2.85528e-01	2.99964e-08	8.08774e-02	1.39311e-07	5.71545e-02	6.85853e-07	4.82321e-06	3.42695e-01
1.52242e+04	2.84500e-06	2.12127e-01	7.11431e-06	2.96162e-01	2.41001e-08	7.47096e-02	1.26922e-07	6.04067e-02	5.32833e-07	4.10363e-06	3.56580e-01
1.54232e+04	2.08772e-06	1.91904e-01	6.10994e-06	3.06052e-01	1.92500e-08	6.87678e-02	1.14977e-07	6.36014e-02	4.11918e-07	3.47839e-06	3.69663e-01
1.56222e+04	1.52759e-06	1.73108e-01	5.22480e-06	3.15180e-01	1.52901e-08	6.30840e-02	1.03579e-07	6.67150e-02	3.17005e-07	2.93824e-06	3.81903e-01
1.58212e+04	1.11516e-06	1.55758e-01	4.45104e-06	3.23545e-01	1.20809e-08	5.76845e-02	9.28118e-08	6.97259e-02	2.42974e-07	2.47420e-06	3.93278e-01
1.60202e+04	8.12726e-07	1.39842e-01	3.77965e-06	3.31163e-01	9.49882e-09	5.25895e-02	8.27411e-08	7.26150e-02	1.85572e-07	2.07768e-06	4.03784e-01
1.62192e+04	5.91692e-07	1.25326e-01	3.20095e-06	3.38059e-01	7.43548e-09	4.78128e-02	7.34110e-08	7.53660e-02	1.41307e-07	1.74054e-06	4.13430e-01
1.64182e+04	4.30592e-07	1.12154e-01	2.70508e-06	3.44271e-01	5.79739e-09	4.33620e-02	6.48451e-08	7.79665e-02	1.07340e-07	1.45523e-06	4.22242e-01
1.66172e+04	3.13414e-07	1.00257e-01	2.28236e-06	3.49841e-01	4.50471e-09	3.92390e-02	5.70481e-08	8.04075e-02	8.13853e-08	1.21479e-06	4.30252e-01
1.68162e+04	2.28299e-07	8.95522e-02	1.92356e-06	3.54817e-01	3.49020e-09	3.54402e-02	5.00075e-08	8.26836e-02	6.16268e-08	1.01291e-06	4.37504e-01
1.70152e+04	1.66514e-07	7.99540e-02	1.62011e-06	3.59249e-01	2.69789e-09	3.19574e-02	4.36968e-08	8.47929e-02	4.66305e-08	8.43956e-07	4.44044e-01
1.72141e+04	1.21667e-07	7.13719e-02	1.36422e-06	3.63186e-01	2.08174e-09	2.87786e-02	3.80782e-08	8.67368e-02	3.52756e-08	7.02938e-07	4.49925e-01
1.74131e+04	8.90962e-08	6.37162e-02	1.14892e-06	3.66676e-01	1.60432e-09	2.58891e-02	3.31060e-08	8.85192e-02	2.66931e-08	5.85493e-07	4.55197e-01
1.76121e+04	6.54147e-08	5.68993e-02	9.68080e-07	3.69767e-01	1.23550e-09	2.32718e-02	2.87294e-08	9.01459e-02	2.02135e-08	4.87847e-07	4.59914e-01
1.78111e+04	4.81687e-08	5.08377e-02	8.16342e-07	3.72501e-01	9.51238e-10	2.09084e-02	2.48950e-08	9.16248e-02	1.53242e-08	4.06759e-07	4.64127e-01
1.80101e+04	3.55837e-08	4.54531e-02	6.89106e-07	3.74918e-01	7.32533e-10	1.87798e-02	2.15492e-08	9.29645e-02	1.16352e-08	3.39473e-07	4.67884e-01
1.82091e+04	2.63777e-08	4.06729e-02	5.82434e-07	3.77055e-01	5.64460e-10	1.68669e-02	1.86396e-08	9.41747e-02	8.85057e-09	2.83658e-07	4.71230e-01
1.84081e+04	1.96247e-08	3.64306e-02	4.92986e-07	3.78943e-01	4.35379e-10	1.51509e-02	1.61164e-08	9.52650e-02	6.74673e-09	2.37356e-07	4.74209e-01
1.86071e+04	1.46561e-08	3.26659e-02	4.17942e-07	3.80614e-01	3.36258e-10	1.36138e-02	1.39334e-08	9.62455e-02	5.15522e-09	1.98932e-07	4.76860e-01
1.88061e+04	1.09884e-08	2.93243e-02	3.54932e-07	3.82093e-01	2.60120e-10	1.22383e-02	1.20480e-08	9.71257e-02	3.94933e-09	1.67022e-07	4.79219e-01
1.90051e+04	8.27152e-09	2.63570e-02	3.01971e-07	3.83402e-01	2.01595e-10	1.10085e-02	1.04217e-08	9.79148e-02	3.03389e-09	1.40497e-07	4.81317e-01
1.92040e+04	6.25174e-09	2.37205e-02	2.57402e-07	3.84563e-01	1.56560e-10	9.90939e-03	9.02035e-09	9.86217e-02	2.33741e-09	1.18422e-07	4.83185e-01
1.94030e+04	4.74455e-09	2.13763e-02	2.19841e-07	3.85593e-01	1.21860e-10	8.92735e-03	7.81340e-09	9.92545e-02	1.80626e-09	1.00024e-07	4.84848e-01
1.96020e+04	3.61556e-09	1.92902e-02	1.88138e-07	3.86509e-01	9.50783e-11	8.04992e-03	6.77415e-09	9.98208e-02	1.40015e-09	8.46674e-08	4.86330e-01
1.98010e+04	2.76657e-09	1.74318e-02	1.61335e-07	3.87324e-01	7.43700e-11	7.26582e-03	5.87926e-09	1.00327e-01	1.08880e-09	7.18270e-08	4.87651e-01
2.00000e+04	2.12563e-09	1.57747e-02	1.38634e-07	3.88049e-01	5.83249e-11	6.56490e-03	5.10847e-09	1.00781e-01	8.49414e-10	6.10710e-08	4.88830e-01
